# R/Å F/kT U/kT C/R <exp(-u/kT)-1>
23.00 343.1451 3.2984e2 0.0000e0 -1.0000e0
23.10 284.9609 2.7166e2 0.0000e0 -1.0000e0
23.20 237.3402 2.2404e2 0.0000e0 -1.0000e0
23.30 198.2497 1.8495e2 9.8079e-12 -1.0000e0
23.40 166.0830 1.5278e2 0.0000e0 -1.0000e0
23.50 139.5613 1.2626e2 0.0000e0 -1.0000e0
23.60 117.6555 1.0435e2 1.2260e-12 -1.0000e0
23.70 99.5370 8.6233e1 -1.2260e-12 -1.0000e0
23.80 84.5347 7.1231e1 6.1299e-13 -1.0000e0
23.90 72.1002 5.8796e1 5.7547e-8 -1.0000e0
24.00 61.7862 4.8483e1 1.9711e-4 -1.0000e0
24.10 53.2248 3.9927e1 3.9858e-2 -1.0000e0
24.20 46.0322 3.3013e1 4.8884e-1 -1.0000e0
24.30 38.9680 2.6397e1 4.4537e-1 -1.0000e0
24.40 32.0338 1.9219e1 8.8677e-1 -1.0000e0
24.50 26.3956 1.3636e1 7.4805e-1 -1.0000e0
24.60 21.9680 9.3203e0 6.1408e-1 -1.0000e0
24.70 18.5208 5.9696e0 5.2523e-1 -1.0000e0
24.80 15.8571 3.3853e0 4.9364e-1 -1.0000e0
24.90 13.8116 1.4216e0 5.4304e-1 -1.0000e0
25.00 12.2387 -2.5471e-2 6.6412e-1 -1.0000e0
25.10 11.0029 -1.0639e0 6.7825e-1 -9.9998e-1
25.20 9.9843 -1.8866e0 5.1268e-1 -9.9995e-1
25.30 9.1178 -2.6632e0 5.0863e-1 -9.9989e-1
25.40 8.3966 -3.3766e0 8.1760e-1 -9.9977e-1
25.50 7.8224 -3.9246e0 1.2661e0 -9.9960e-1
25.60 7.3770 -4.2565e0 1.6715e0 -9.9937e-1
25.70 7.0257 -4.3943e0 1.9133e0 -9.9911e-1
25.80 6.7319 -4.3975e0 1.9829e0 -9.9881e-1
25.90 6.4638 -4.3219e0 1.9455e0 -9.9844e-1
26.00 6.1925 -4.2208e0 1.7900e0 -9.9796e-1
26.10 5.8937 -4.1831e0 1.5703e0 -9.9724e-1
26.20 5.5638 -4.2874e0 1.5791e0 -9.9617e-1
26.30 5.2259 -4.5050e0 1.9234e0 -9.9462e-1
26.40 4.9091 -4.7395e0 2.3821e0 -9.9262e-1
26.50 4.6331 -4.9170e0 2.7409e0 -9.9028e-1
26.60 4.4051 -5.0100e0 2.9258e0 -9.8778e-1
26.70 4.2226 -5.0223e0 2.9593e0 -9.8534e-1
26.80 4.0775 -4.9673e0 2.8962e0 -9.8305e-1
26.90 3.9575 -4.8619e0 2.7763e0 -9.8089e-1
27.00 3.8475 -4.7338e0 2.6256e0 -9.7867e-1
27.10 3.7353 -4.6193e0 2.5017e0 -9.7613e-1
27.20 3.6167 -4.5377e0 2.4642e0 -9.7313e-1
27.30 3.4946 -4.4805e0 2.5002e0 -9.6964e-1
27.40 3.3722 -4.4304e0 2.5430e0 -9.6568e-1
27.50 3.2506 -4.3807e0 2.5646e0 -9.6125e-1
27.60 3.1308 -4.3297e0 2.5770e0 -9.5632e-1
27.70 3.0139 -4.2738e0 2.5679e0 -9.5090e-1
27.80 2.9006 -4.2120e0 2.5142e0 -9.4501e-1
27.90 2.7918 -4.1465e0 2.4167e0 -9.3869e-1
28.00 2.6889 -4.0793e0 2.2986e0 -9.3204e-1
28.10 2.5927 -4.0105e0 2.1836e0 -9.2518e-1
28.20 2.5029 -3.9398e0 2.0829e0 -9.1816e-1
28.30 2.4179 -3.8686e0 1.9933e0 -9.1090e-1
28.40 2.3352 -3.8021e0 1.9144e0 -9.0321e-1
28.50 2.2528 -3.7473e0 1.8624e0 -8.9490e-1
28.60 2.1706 -3.7062e0 1.8546e0 -8.8589e-1
28.70 2.0897 -3.6747e0 1.8873e0 -8.7627e-1
28.80 2.0111 -3.6459e0 1.9406e0 -8.6615e-1
28.90 1.9355 -3.6151e0 1.9925e0 -8.5565e-1
29.00 1.8632 -3.5804e0 2.0280e0 -8.4483e-1
29.10 1.7946 -3.5414e0 2.0406e0 -8.3380e-1
29.20 1.7297 -3.4982e0 2.0304e0 -8.2267e-1
29.30 1.6686 -3.4523e0 2.0048e0 -8.1149e-1
29.40 1.6109 -3.4052e0 1.9753e0 -8.0029e-1
29.50 1.5562 -3.3580e0 1.9465e0 -7.8906e-1
29.60 1.5042 -3.3114e0 1.9167e0 -7.7780e-1
29.70 1.4547 -3.2667e0 1.8853e0 -7.6652e-1
29.80 1.4077 -3.2249e0 1.8559e0 -7.5529e-1
29.90 1.3635 -3.1861e0 1.8349e0 -7.4424e-1
30.00 1.3223 -3.1500e0 1.8300e0 -7.3349e-1
30.10 1.2842 -3.1153e0 1.8426e0 -7.2312e-1
30.20 1.2489 -3.0797e0 1.8633e0 -7.1318e-1
30.30 1.2161 -3.0416e0 1.8790e0 -7.0362e-1
30.40 1.1853 -3.0002e0 1.8807e0 -6.9435e-1
30.50 1.1559 -2.9557e0 1.8648e0 -6.8523e-1
30.60 1.1271 -2.9097e0 1.8321e0 -6.7602e-1
30.70 1.0979 -2.8656e0 1.7913e0 -6.6644e-1
30.80 1.0679 -2.8272e0 1.7579e0 -6.5626e-1
30.90 1.0370 -2.7958e0 1.7436e0 -6.4548e-1
31.00 1.0060 -2.7701e0 1.7485e0 -6.3431e-1
31.10 0.9755 -2.7467e0 1.7638e0 -6.2301e-1
31.20 0.9463 -2.7224e0 1.7793e0 -6.1181e-1
31.30 0.9182 -2.6954e0 1.7877e0 -6.0075e-1
31.40 0.8910 -2.6652e0 1.7836e0 -5.8974e-1
31.50 0.8641 -2.6332e0 1.7654e0 -5.7857e-1
31.60 0.8371 -2.6020e0 1.7391e0 -5.6705e-1
31.70 0.8099 -2.5738e0 1.7152e0 -5.5509e-1
31.80 0.7826 -2.5491e0 1.7007e0 -5.4279e-1
31.90 0.7558 -2.5267e0 1.6956e0 -5.3037e-1
32.00 0.7297 -2.5051e0 1.6951e0 -5.1796e-1
32.10 0.7045 -2.4833e0 1.6949e0 -5.0565e-1
32.20 0.6801 -2.4612e0 1.6937e0 -4.9343e-1
32.30 0.6565 -2.4385e0 1.6909e0 -4.8135e-1
32.40 0.6337 -2.4150e0 1.6856e0 -4.6937e-1
32.50 0.6115 -2.3909e0 1.6763e0 -4.5746e-1
32.60 0.5898 -2.3667e0 1.6636e0 -4.4555e-1
32.70 0.5686 -2.3429e0 1.6498e0 -4.3369e-1
32.80 0.5481 -2.3192e0 1.6368e0 -4.2197e-1
32.90 0.5285 -2.2949e0 1.6236e0 -4.1052e-1
33.00 0.5098 -2.2692e0 1.6083e0 -3.9940e-1
33.10 0.4918 -2.2424e0 1.5905e0 -3.8850e-1
33.20 0.4743 -2.2150e0 1.5718e0 -3.7770e-1
33.30 0.4571 -2.1878e0 1.5541e0 -3.6687e-1
33.40 0.4399 -2.1611e0 1.5382e0 -3.5591e-1
33.50 0.4227 -2.1352e0 1.5228e0 -3.4472e-1
33.60 0.4052 -2.1107e0 1.5080e0 -3.3317e-1
33.70 0.3874 -2.0882e0 1.4957e0 -3.2120e-1
33.80 0.3694 -2.0677e0 1.4875e0 -3.0886e-1
33.90 0.3514 -2.0486e0 1.4812e0 -2.9630e-1
34.00 0.3336 -2.0299e0 1.4734e0 -2.8367e-1
34.10 0.3162 -2.0112e0 1.4624e0 -2.7112e-1
34.20 0.2994 -1.9925e0 1.4491e0 -2.5870e-1
34.30 0.2830 -1.9737e0 1.4353e0 -2.4648e-1
34.40 0.2672 -1.9549e0 1.4221e0 -2.3449e-1
34.50 0.2520 -1.9360e0 1.4095e0 -2.2276e-1
34.60 0.2374 -1.9170e0 1.3972e0 -2.1129e-1
34.70 0.2232 -1.8980e0 1.3860e0 -2.0008e-1
34.80 0.2097 -1.8789e0 1.3759e0 -1.8918e-1
34.90 0.1967 -1.8594e0 1.3655e0 -1.7859e-1
35.00 0.1842 -1.8394e0 1.3533e0 -1.6826e-1
35.10 0.1721 -1.8192e0 1.3391e0 -1.5807e-1
35.20 0.1600 -1.7997e0 1.3245e0 -1.4787e-1
35.30 0.1480 -1.7815e0 1.3124e0 -1.3755e-1
35.40 0.1359 -1.7649e0 1.3048e0 -1.2708e-1
35.50 0.1238 -1.7500e0 1.3030e0 -1.1647e-1
35.60 0.1117 -1.7366e0 1.3068e0 -1.0570e-1
35.70 0.0995 -1.7245e0 1.3147e0 -9.4750e-2
35.80 0.0873 -1.7135e0 1.3251e0 -8.3578e-2
35.90 0.0749 -1.7038e0 1.3382e0 -7.2176e-2
36.00 0.0626 -1.6953e0 1.3551e0 -6.0652e-2
36.10 0.0505 -1.6873e0 1.3749e0 -4.9244e-2
36.20 0.0390 -1.6785e0 1.3927e0 -3.8238e-2
36.30 0.0282 -1.6679e0 1.4031e0 -2.7837e-2
36.40 0.0183 -1.6551e0 1.4038e0 -1.8113e-2
36.50 0.0091 -1.6405e0 1.3959e0 -9.0206e-3
36.60 0.0004 -1.6244e0 1.3823e0 -4.3533e-4
36.70 -0.0078 -1.6077e0 1.3662e0 7.7958e-3
36.80 -0.0157 -1.5908e0 1.3499e0 1.5803e-2
36.90 -0.0234 -1.5741e0 1.3345e0 2.3702e-2
37.00 -0.0311 -1.5577e0 1.3207e0 3.1611e-2
37.10 -0.0389 -1.5422e0 1.3088e0 3.9640e-2
37.20 -0.0467 -1.5276e0 1.2993e0 4.7850e-2
37.30 -0.0547 -1.5142e0 1.2926e0 5.6224e-2
37.40 -0.0626 -1.5018e0 1.2887e0 6.4649e-2
37.50 -0.0704 -1.4898e0 1.2864e0 7.2942e-2
37.60 -0.0778 -1.4775e0 1.2836e0 8.0937e-2
37.70 -0.0849 -1.4647e0 1.2784e0 8.8596e-2
37.80 -0.0917 -1.4513e0 1.2709e0 9.5982e-2
37.90 -0.0982 -1.4378e0 1.2624e0 1.0319e-1
38.00 -0.1046 -1.4244e0 1.2541e0 1.1026e-1
38.10 -0.1108 -1.4112e0 1.2465e0 1.1721e-1
38.20 -0.1169 -1.3981e0 1.2396e0 1.2404e-1
38.30 -0.1229 -1.3852e0 1.2329e0 1.3072e-1
38.40 -0.1286 -1.3722e0 1.2262e0 1.3720e-1
38.50 -0.1340 -1.3591e0 1.2188e0 1.4341e-1
38.60 -0.1392 -1.3456e0 1.2101e0 1.4930e-1
38.70 -0.1440 -1.3318e0 1.2002e0 1.5485e-1
38.80 -0.1485 -1.3177e0 1.1895e0 1.6011e-1
38.90 -0.1528 -1.3035e0 1.1785e0 1.6512e-1
39.00 -0.1569 -1.2893e0 1.1675e0 1.6993e-1
39.10 -0.1609 -1.2751e0 1.1565e0 1.7456e-1
39.20 -0.1647 -1.2609e0 1.1456e0 1.7901e-1
39.30 -0.1683 -1.2468e0 1.1348e0 1.8329e-1
39.40 -0.1718 -1.2327e0 1.1239e0 1.8744e-1
39.50 -0.1752 -1.2187e0 1.1131e0 1.9148e-1
39.60 -0.1785 -1.2047e0 1.1025e0 1.9543e-1
39.70 -0.1817 -1.1909e0 1.0919e0 1.9930e-1
39.80 -0.1849 -1.1772e0 1.0814e0 2.0310e-1
39.90 -0.1880 -1.1638e0 1.0712e0 2.0684e-1
40.00 -0.1910 -1.1507e0 1.0618e0 2.1051e-1
40.10 -0.1940 -1.1378e0 1.0530e0 2.1406e-1
40.20 -0.1967 -1.1252e0 1.0447e0 2.1744e-1
40.30 -0.1993 -1.1125e0 1.0366e0 2.2060e-1
40.40 -0.2017 -1.0997e0 1.0283e0 2.2349e-1
40.50 -0.2039 -1.0867e0 1.0194e0 2.2612e-1
40.60 -0.2058 -1.0733e0 1.0096e0 2.2852e-1
40.70 -0.2077 -1.0598e0 9.9888e-1 2.3080e-1
40.80 -0.2095 -1.0466e0 9.8819e-1 2.3307e-1
40.90 -0.2114 -1.0339e0 9.7871e-1 2.3541e-1
41.00 -0.2133 -1.0219e0 9.7119e-1 2.3782e-1
41.10 -0.2153 -1.0106e0 9.6546e-1 2.4024e-1
41.20 -0.2172 -9.9973e-1 9.6094e-1 2.4262e-1
41.30 -0.2191 -9.8934e-1 9.5774e-1 2.4491e-1
41.40 -0.2208 -9.7945e-1 9.5671e-1 2.4705e-1
41.50 -0.2223 -9.6981e-1 9.5785e-1 2.4894e-1
41.60 -0.2235 -9.5987e-1 9.5928e-1 2.5047e-1
41.70 -0.2244 -9.4915e-1 9.5820e-1 2.5156e-1
41.80 -0.2249 -9.3750e-1 9.5289e-1 2.5224e-1
41.90 -0.2252 -9.2514e-1 9.4364e-1 2.5257e-1
42.00 -0.2253 -9.1244e-1 9.3226e-1 2.5264e-1
42.10 -0.2251 -8.9965e-1 9.2062e-1 2.5248e-1
42.20 -0.2249 -8.8686e-1 9.0943e-1 2.5216e-1
42.30 -0.2245 -8.7414e-1 8.9852e-1 2.5172e-1
42.40 -0.2241 -8.6168e-1 8.8790e-1 2.5125e-1
42.50 -0.2238 -8.4966e-1 8.7822e-1 2.5076e-1
42.60 -0.2233 -8.3809e-1 8.7012e-1 2.5023e-1
42.70 -0.2228 -8.2682e-1 8.6346e-1 2.4961e-1
42.80 -0.2222 -8.1560e-1 8.5730e-1 2.4884e-1
42.90 -0.2214 -8.0420e-1 8.5045e-1 2.4787e-1
43.00 -0.2205 -7.9247e-1 8.4203e-1 2.4669e-1
43.10 -0.2194 -7.8036e-1 8.3165e-1 2.4531e-1
43.20 -0.2182 -7.6798e-1 8.1952e-1 2.4378e-1
43.30 -0.2169 -7.5557e-1 8.0648e-1 2.4220e-1
43.40 -0.2156 -7.4345e-1 7.9385e-1 2.4063e-1
43.50 -0.2144 -7.3185e-1 7.8291e-1 2.3915e-1
43.60 -0.2133 -7.2089e-1 7.7419e-1 2.3776e-1
43.70 -0.2122 -7.1047e-1 7.6736e-1 2.3644e-1
43.80 -0.2112 -7.0046e-1 7.6157e-1 2.3514e-1
43.90 -0.2101 -6.9067e-1 7.5600e-1 2.3382e-1
44.00 -0.2090 -6.8092e-1 7.5006e-1 2.3240e-1
44.10 -0.2077 -6.7103e-1 7.4344e-1 2.3084e-1
44.20 -0.2063 -6.6088e-1 7.3585e-1 2.2912e-1
44.30 -0.2048 -6.5038e-1 7.2698e-1 2.2723e-1
44.40 -0.2031 -6.3954e-1 7.1664e-1 2.2522e-1
44.50 -0.2014 -6.2845e-1 7.0494e-1 2.2311e-1
44.60 -0.1996 -6.1720e-1 6.9212e-1 2.2095e-1
44.70 -0.1978 -6.0591e-1 6.7849e-1 2.1876e-1
44.80 -0.1960 -5.9469e-1 6.6448e-1 2.1656e-1
44.90 -0.1942 -5.8365e-1 6.5060e-1 2.1438e-1
45.00 -0.1925 -5.7292e-1 6.3742e-1 2.1223e-1
45.10 -0.1907 -5.6253e-1 6.2537e-1 2.1012e-1
45.20 -0.1890 -5.5247e-1 6.1448e-1 2.0804e-1
45.30 -0.1873 -5.4269e-1 6.0447e-1 2.0601e-1
45.40 -0.1857 -5.3320e-1 5.9506e-1 2.0404e-1
45.50 -0.1841 -5.2403e-1 5.8620e-1 2.0216e-1
45.60 -0.1826 -5.1527e-1 5.7807e-1 2.0037e-1
45.70 -0.1812 -5.0694e-1 5.7087e-1 1.9866e-1
45.80 -0.1798 -4.9896e-1 5.6458e-1 1.9699e-1
45.90 -0.1784 -4.9122e-1 5.5887e-1 1.9530e-1
46.00 -0.1769 -4.8360e-1 5.5335e-1 1.9354e-1
46.10 -0.1754 -4.7601e-1 5.4782e-1 1.9167e-1
46.20 -0.1737 -4.6840e-1 5.4223e-1 1.8968e-1
46.30 -0.1719 -4.6074e-1 5.3647e-1 1.8755e-1
46.40 -0.1700 -4.5299e-1 5.3047e-1 1.8526e-1
46.50 -0.1679 -4.4517e-1 5.2424e-1 1.8282e-1
46.60 -0.1657 -4.3725e-1 5.1785e-1 1.8025e-1
46.70 -0.1635 -4.2925e-1 5.1128e-1 1.7757e-1
46.80 -0.1611 -4.2118e-1 5.0445e-1 1.7481e-1
46.90 -0.1587 -4.1308e-1 4.9735e-1 1.7200e-1
47.00 -0.1563 -4.0503e-1 4.9009e-1 1.6917e-1
47.10 -0.1539 -3.9708e-1 4.8284e-1 1.6634e-1
47.20 -0.1514 -3.8922e-1 4.7566e-1 1.6349e-1
47.30 -0.1489 -3.8138e-1 4.6843e-1 1.6060e-1
47.40 -0.1464 -3.7344e-1 4.6088e-1 1.5764e-1
47.50 -0.1438 -3.6533e-1 4.5268e-1 1.5461e-1
47.60 -0.1411 -3.5704e-1 4.4363e-1 1.5154e-1
47.70 -0.1384 -3.4864e-1 4.3375e-1 1.4846e-1
47.80 -0.1358 -3.4025e-1 4.2331e-1 1.4542e-1
47.90 -0.1332 -3.3202e-1 4.1273e-1 1.4247e-1
48.00 -0.1307 -3.2405e-1 4.0247e-1 1.3962e-1
48.10 -0.1283 -3.1640e-1 3.9281e-1 1.3688e-1
48.20 -0.1260 -3.0903e-1 3.8383e-1 1.3425e-1
48.30 -0.1237 -3.0193e-1 3.7545e-1 1.3170e-1
48.40 -0.1215 -2.9506e-1 3.6750e-1 1.2923e-1
48.50 -0.1194 -2.8837e-1 3.5985e-1 1.2680e-1
48.60 -0.1172 -2.8181e-1 3.5235e-1 1.2440e-1
48.70 -0.1151 -2.7530e-1 3.4484e-1 1.2197e-1
48.80 -0.1129 -2.6880e-1 3.3718e-1 1.1950e-1
48.90 -0.1106 -2.6223e-1 3.2927e-1 1.1696e-1
49.00 -0.1083 -2.5557e-1 3.2105e-1 1.1435e-1
49.10 -0.1058 -2.4881e-1 3.1252e-1 1.1165e-1
49.20 -0.1034 -2.4197e-1 3.0375e-1 1.0890e-1
49.30 -0.1008 -2.3508e-1 2.9490e-1 1.0610e-1
49.40 -0.0983 -2.2820e-1 2.8605e-1 1.0328e-1
49.50 -0.0957 -2.2136e-1 2.7719e-1 1.0045e-1
49.60 -0.0932 -2.1460e-1 2.6833e-1 9.7638e-2
49.70 -0.0906 -2.0796e-1 2.5958e-1 9.4845e-2
49.80 -0.0881 -2.0146e-1 2.5106e-1 9.2076e-2
49.90 -0.0856 -1.9513e-1 2.4285e-1 8.9332e-2
50.00 -0.0831 -1.8894e-1 2.3500e-1 8.6607e-2
50.10 -0.0806 -1.8286e-1 2.2745e-1 8.3896e-2
50.20 -0.0781 -1.7686e-1 2.2005e-1 8.1198e-2
50.30 -0.0756 -1.7092e-1 2.1270e-1 7.8521e-2
50.40 -0.0731 -1.6507e-1 2.0538e-1 7.5876e-2
50.50 -0.0707 -1.5933e-1 1.9817e-1 7.3275e-2
50.60 -0.0683 -1.5373e-1 1.9120e-1 7.0723e-2
50.70 -0.0660 -1.4826e-1 1.8448e-1 6.8224e-2
50.80 -0.0637 -1.4290e-1 1.7791e-1 6.5781e-2
50.90 -0.0615 -1.3765e-1 1.7139e-1 6.3402e-2
51.00 -0.0593 -1.3255e-1 1.6495e-1 6.1101e-2
51.10 -0.0572 -1.2763e-1 1.5874e-1 5.8888e-2
51.20 -0.0552 -1.2292e-1 1.5289e-1 5.6766e-2
51.30 -0.0533 -1.1842e-1 1.4747e-1 5.4738e-2
51.40 -0.0515 -1.1415e-1 1.4249e-1 5.2801e-2
51.50 -0.0497 -1.1009e-1 1.3791e-1 5.0958e-2
51.60 -0.0480 -1.0624e-1 1.3373e-1 4.9208e-2
51.70 -0.0464 -1.0261e-1 1.2995e-1 4.7545e-2
51.80 -0.0449 -9.9176e-2 1.2654e-1 4.5961e-2
51.90 -0.0435 -9.5884e-2 1.2335e-1 4.4442e-2
52.00 -0.0421 -9.2695e-2 1.2026e-1 4.2978e-2
52.10 -0.0407 -8.9578e-2 1.1713e-1 4.1558e-2
52.20 -0.0394 -8.6514e-2 1.1388e-1 4.0175e-2
52.30 -0.0381 -8.3488e-2 1.1048e-1 3.8819e-2
52.40 -0.0368 -8.0488e-2 1.0692e-1 3.7479e-2
52.50 -0.0355 -7.7503e-2 1.0322e-1 3.6147e-2
52.60 -0.0342 -7.4523e-2 9.9414e-2 3.4815e-2
52.70 -0.0329 -7.1539e-2 9.5498e-2 3.3476e-2
52.80 -0.0316 -6.8543e-2 9.1479e-2 3.2125e-2
52.90 -0.0303 -6.5530e-2 8.7362e-2 3.0761e-2
53.00 -0.0290 -6.2506e-2 8.3170e-2 2.9388e-2
53.10 -0.0276 -5.9488e-2 7.8939e-2 2.8014e-2
53.20 -0.0263 -5.6508e-2 7.4741e-2 2.6651e-2
53.30 -0.0250 -5.3602e-2 7.0667e-2 2.5310e-2
53.40 -0.0237 -5.0800e-2 6.6791e-2 2.4000e-2
53.50 -0.0225 -4.8122e-2 6.3164e-2 2.2722e-2
53.60 -0.0212 -4.5576e-2 5.9824e-2 2.1473e-2
53.70 -0.0200 -4.3148e-2 5.6776e-2 2.0245e-2
53.80 -0.0189 -4.0805e-2 5.3967e-2 1.9029e-2
53.90 -0.0177 -3.8513e-2 5.1308e-2 1.7816e-2
54.00 -0.0165 -3.6247e-2 4.8715e-2 1.6605e-2
54.10 -0.0153 -3.3996e-2 4.6139e-2 1.5397e-2
54.20 -0.0141 -3.1758e-2 4.3559e-2 1.4199e-2
54.30 -0.0129 -2.9542e-2 4.0976e-2 1.3020e-2
54.40 -0.0118 -2.7370e-2 3.8416e-2 1.1874e-2
54.50 -0.0107 -2.5268e-2 3.5920e-2 1.0770e-2
54.60 -0.0097 -2.3256e-2 3.3527e-2 9.7171e-3
54.70 -0.0087 -2.1345e-2 3.1261e-2 8.7167e-3
54.80 -0.0077 -1.9539e-2 2.9131e-2 7.7693e-3
54.90 -0.0068 -1.7841e-2 2.7142e-2 6.8735e-3
55.00 -0.0060 -1.6246e-2 2.5297e-2 6.0266e-3
55.10 -0.0052 -1.4751e-2 2.3595e-2 5.2256e-3
55.20 -0.0045 -1.3348e-2 2.2035e-2 4.4666e-3
55.30 -0.0037 -1.2028e-2 2.0612e-2 3.7458e-3
55.40 -0.0031 -1.0779e-2 1.9301e-2 3.0603e-3
55.50 -0.0024 -9.5924e-3 1.8067e-2 2.4084e-3
55.60 -0.0018 -8.4663e-3 1.6884e-2 1.7892e-3
55.70 -0.0012 -7.4032e-3 1.5753e-2 1.1999e-3
55.80 -0.0006 -6.4002e-3 1.4687e-2 6.3566e-4
55.90 -0.0001 -5.4479e-3 1.3685e-2 9.0451e-5
56.00 0.0004 -4.5350e-3 1.2732e-2 -4.4087e-4
56.10 0.0010 -3.6526e-3 1.1809e-2 -9.6214e-4
56.20 0.0015 -2.7958e-3 1.0912e-2 -1.4753e-3
56.30 0.0020 -1.9623e-3 1.0043e-2 -1.9807e-3
56.40 0.0025 -1.1522e-3 9.2078e-3 -2.4769e-3
56.50 0.0030 -3.6695e-4 8.4090e-3 -2.9619e-3
56.60 0.0034 3.9008e-4 7.6493e-3 -3.4328e-3
56.70 0.0039 1.1150e-3 6.9317e-3 -3.8869e-3
56.80 0.0043 1.8041e-3 6.2605e-3 -4.3221e-3
56.90 0.0047 2.4542e-3 5.6389e-3 -4.7364e-3
57.00 0.0051 3.0635e-3 5.0686e-3 -5.1286e-3
57.10 0.0055 3.6316e-3 4.5492e-3 -5.4982e-3
57.20 0.0059 4.1591e-3 4.0791e-3 -5.8451e-3
57.30 0.0062 4.6471e-3 3.6559e-3 -6.1694e-3
57.40 0.0065 5.0973e-3 3.2763e-3 -6.4713e-3
57.50 0.0068 5.5114e-3 2.9369e-3 -6.7514e-3
57.60 0.0070 5.8910e-3 2.6339e-3 -7.0101e-3
57.70 0.0073 6.2380e-3 2.3637e-3 -7.2479e-3
57.80 0.0075 6.5540e-3 2.1232e-3 -7.4656e-3
57.90 0.0077 6.8408e-3 1.9094e-3 -7.6639e-3
58.00 0.0079 7.0999e-3 1.7196e-3 -7.8436e-3
58.10 0.0080 7.3331e-3 1.5513e-3 -8.0056e-3
58.20 0.0082 7.5419e-3 1.4024e-3 -8.1507e-3
58.30 0.0083 7.7281e-3 1.2705e-3 -8.2799e-3
58.40 0.0084 7.8933e-3 1.1539e-3 -8.3941e-3
58.50 0.0085 8.0390e-3 1.0505e-3 -8.4943e-3
58.60 0.0086 8.1667e-3 9.5895e-4 -8.5814e-3
58.70 0.0087 8.2780e-3 8.7763e-4 -8.6562e-3
58.80 0.0088 8.3741e-3 8.0534e-4 -8.7196e-3
58.90 0.0088 8.4562e-3 7.4096e-4 -8.7724e-3
59.00 0.0089 8.5254e-3 6.8353e-4 -8.8153e-3
59.10 0.0089 8.5827e-3 6.3221e-4 -8.8490e-3
59.20 0.0089 8.6291e-3 5.8626e-4 -8.8741e-3
59.30 0.0089 8.6654e-3 5.4503e-4 -8.8913e-3
59.40 0.0089 8.6924e-3 5.0797e-4 -8.9010e-3
59.50 0.0089 8.7108e-3 4.7458e-4 -8.9038e-3
59.60 0.0089 8.7213e-3 4.4444e-4 -8.9002e-3
59.70 0.0089 8.7246e-3 4.1717e-4 -8.8907e-3
59.80 0.0089 8.7210e-3 3.9245e-4 -8.8756e-3
59.90 0.0089 8.7113e-3 3.6999e-4 -8.8554e-3
60.00 0.0089 8.6959e-3 3.4953e-4 -8.8304e-3
60.10 0.0088 8.6752e-3 3.3086e-4 -8.8009e-3
60.20 0.0088 8.6496e-3 3.1379e-4 -8.7674e-3
60.30 0.0088 8.6195e-3 2.9813e-4 -8.7301e-3
60.40 0.0087 8.5853e-3 2.8374e-4 -8.6892e-3
60.50 0.0087 8.5473e-3 2.7049e-4 -8.6451e-3
60.60 0.0086 8.5058e-3 2.5825e-4 -8.5980e-3
60.70 0.0086 8.4611e-3 2.4693e-4 -8.5482e-3
60.80 0.0085 8.4134e-3 2.3643e-4 -8.4958e-3
60.90 0.0085 8.3630e-3 2.2668e-4 -8.4411e-3
61.00 0.0084 8.3102e-3 2.1759e-4 -8.3842e-3
61.10 0.0084 8.2550e-3 2.0910e-4 -8.3254e-3
61.20 0.0083 8.1978e-3 2.0117e-4 -8.2647e-3
61.30 0.0082 8.1388e-3 1.9373e-4 -8.2025e-3
61.40 0.0082 8.0780e-3 1.8674e-4 -8.1387e-3
61.50 0.0081 8.0156e-3 1.8016e-4 -8.0736e-3
61.60 0.0080 7.9519e-3 1.7395e-4 -8.0073e-3
61.70 0.0080 7.8869e-3 1.6809e-4 -7.9399e-3
61.80 0.0079 7.8208e-3 1.6253e-4 -7.8716e-3
61.90 0.0078 7.7537e-3 1.5726e-4 -7.8023e-3
62.00 0.0078 7.6856e-3 1.5226e-4 -7.7323e-3
62.10 0.0077 7.6168e-3 1.4749e-4 -7.6617e-3
62.20 0.0076 7.5473e-3 1.4295e-4 -7.5904e-3
62.30 0.0075 7.4772e-3 1.3861e-4 -7.5187e-3
62.40 0.0075 7.4066e-3 1.3447e-4 -7.4465e-3
62.50 0.0074 7.3356e-3 1.3050e-4 -7.3741e-3
62.60 0.0073 7.2642e-3 1.2669e-4 -7.3013e-3
62.70 0.0073 7.1926e-3 1.2304e-4 -7.2284e-3
62.80 0.0072 7.1207e-3 1.1953e-4 -7.1553e-3
62.90 0.0071 7.0487e-3 1.1615e-4 -7.0821e-3
63.00 0.0070 6.9766e-3 1.1290e-4 -7.0089e-3
63.10 0.0070 6.9045e-3 1.0976e-4 -6.9357e-3
63.20 0.0069 6.8325e-3 1.0674e-4 -6.8626e-3
63.30 0.0068 6.7605e-3 1.0382e-4 -6.7897e-3
63.40 0.0067 6.6886e-3 1.0099e-4 -6.7168e-3
63.50 0.0067 6.6169e-3 9.8261e-5 -6.6442e-3
63.60 0.0066 6.5454e-3 9.5618e-5 -6.5719e-3
63.70 0.0065 6.4741e-3 9.3058e-5 -6.4997e-3
63.80 0.0064 6.4030e-3 9.0577e-5 -6.4279e-3
63.90 0.0064 6.3323e-3 8.8173e-5 -6.3565e-3
64.00 0.0063 6.2620e-3 8.5840e-5 -6.2854e-3
64.10 0.0062 6.1919e-3 8.3577e-5 -6.2146e-3
64.20 0.0062 6.1223e-3 8.1379e-5 -6.1443e-3
64.30 0.0061 6.0531e-3 7.9245e-5 -6.0744e-3
64.40 0.0060 5.9843e-3 7.7172e-5 -6.0050e-3
64.50 0.0060 5.9159e-3 7.5157e-5 -5.9361e-3
64.60 0.0059 5.8480e-3 7.3198e-5 -5.8676e-3
64.70 0.0058 5.7806e-3 7.1293e-5 -5.7996e-3
64.80 0.0057 5.7137e-3 6.9440e-5 -5.7322e-3
64.90 0.0057 5.6473e-3 6.7638e-5 -5.6653e-3
65.00 0.0056 5.5815e-3 6.5884e-5 -5.5989e-3
65.10 0.0055 5.5162e-3 6.4178e-5 -5.5331e-3
65.20 0.0055 5.4514e-3 6.2517e-5 -5.4679e-3
65.30 0.0054 5.3872e-3 6.0900e-5 -5.4032e-3
65.40 0.0054 5.3235e-3 5.9326e-5 -5.3391e-3
65.50 0.0053 5.2605e-3 5.7793e-5 -5.2756e-3
65.60 0.0052 5.1980e-3 5.6300e-5 -5.2127e-3
65.70 0.0052 5.1361e-3 5.4847e-5 -5.1504e-3
65.80 0.0051 5.0748e-3 5.3431e-5 -5.0886e-3
65.90 0.0050 5.0140e-3 5.2053e-5 -5.0275e-3
66.00 0.0050 4.9539e-3 5.0710e-5 -4.9670e-3
66.10 0.0049 4.8944e-3 4.9401e-5 -4.9072e-3
66.20 0.0049 4.8355e-3 4.8127e-5 -4.8479e-3
66.30 0.0048 4.7771e-3 4.6886e-5 -4.7892e-3
66.40 0.0047 4.7194e-3 4.5676e-5 -4.7311e-3
66.50 0.0047 4.6623e-3 4.4498e-5 -4.6737e-3
66.60 0.0046 4.6058e-3 4.3350e-5 -4.6169e-3
66.70 0.0046 4.5498e-3 4.2232e-5 -4.5606e-3
66.80 0.0045 4.4945e-3 4.1143e-5 -4.5050e-3
66.90 0.0045 4.4398e-3 4.0081e-5 -4.4500e-3
67.00 0.0044 4.3856e-3 3.9047e-5 -4.3956e-3
67.10 0.0044 4.3321e-3 3.8040e-5 -4.3418e-3
67.20 0.0043 4.2792e-3 3.7058e-5 -4.2886e-3
67.30 0.0042 4.2268e-3 3.6102e-5 -4.2360e-3
67.40 0.0042 4.1750e-3 3.5171e-5 -4.1839e-3
67.50 0.0041 4.1239e-3 3.4263e-5 -4.1325e-3
67.60 0.0041 4.0733e-3 3.3379e-5 -4.0817e-3
67.70 0.0040 4.0233e-3 3.2517e-5 -4.0315e-3
67.80 0.0040 3.9738e-3 3.1678e-5 -3.9818e-3
67.90 0.0039 3.9250e-3 3.0860e-5 -3.9327e-3
68.00 0.0039 3.8767e-3 3.0064e-5 -3.8842e-3
68.10 0.0038 3.8290e-3 2.9288e-5 -3.8363e-3
68.20 0.0038 3.7818e-3 2.8532e-5 -3.7889e-3
68.30 0.0037 3.7352e-3 2.7795e-5 -3.7421e-3
68.40 0.0037 3.6891e-3 2.7078e-5 -3.6959e-3
68.50 0.0037 3.6436e-3 2.6379e-5 -3.6502e-3
68.60 0.0036 3.5987e-3 2.5698e-5 -3.6050e-3
68.70 0.0036 3.5542e-3 2.5035e-5 -3.5604e-3
68.80 0.0035 3.5103e-3 2.4389e-5 -3.5164e-3
68.90 0.0035 3.4670e-3 2.3760e-5 -3.4728e-3
69.00 0.0034 3.4241e-3 2.3147e-5 -3.4298e-3
69.10 0.0034 3.3818e-3 2.2549e-5 -3.3874e-3
69.20 0.0034 3.3400e-3 2.1968e-5 -3.3454e-3
69.30 0.0033 3.2987e-3 2.1401e-5 -3.3039e-3
69.40 0.0033 3.2579e-3 2.0849e-5 -3.2630e-3
69.50 0.0032 3.2175e-3 2.0311e-5 -3.2225e-3
69.60 0.0032 3.1777e-3 1.9787e-5 -3.1826e-3
69.70 0.0031 3.1384e-3 1.9277e-5 -3.1431e-3
69.80 0.0031 3.0995e-3 1.8780e-5 -3.1041e-3
69.90 0.0031 3.0612e-3 1.8296e-5 -3.0656e-3
70.00 0.0030 3.0233e-3 1.7824e-5 -3.0276e-3
70.10 0.0030 2.9858e-3 1.7365e-5 -2.9901e-3
70.20 0.0030 2.9489e-3 1.6918e-5 -2.9530e-3
70.30 0.0029 2.9123e-3 1.6482e-5 -2.9163e-3
70.40 0.0029 2.8763e-3 1.6057e-5 -2.8802e-3
70.50 0.0028 2.8406e-3 1.5644e-5 -2.8444e-3
70.60 0.0028 2.8055e-3 1.5241e-5 -2.8092e-3
70.70 0.0028 2.7707e-3 1.4849e-5 -2.7743e-3
70.80 0.0027 2.7364e-3 1.4467e-5 -2.7399e-3
70.90 0.0027 2.7025e-3 1.4095e-5 -2.7059e-3
71.00 0.0027 2.6691e-3 1.3732e-5 -2.6724e-3
71.10 0.0026 2.6360e-3 1.3379e-5 -2.6392e-3
71.20 0.0026 2.6034e-3 1.3035e-5 -2.6065e-3
71.30 0.0026 2.5711e-3 1.2700e-5 -2.5742e-3
71.40 0.0025 2.5393e-3 1.2374e-5 -2.5423e-3
71.50 0.0025 2.5079e-3 1.2056e-5 -2.5108e-3
71.60 0.0025 2.4768e-3 1.1747e-5 -2.4796e-3
71.70 0.0025 2.4462e-3 1.1445e-5 -2.4489e-3
71.80 0.0024 2.4159e-3 1.1152e-5 -2.4185e-3
71.90 0.0024 2.3860e-3 1.0866e-5 -2.3886e-3
72.00 0.0024 2.3565e-3 1.0587e-5 -2.3590e-3
72.10 0.0023 2.3273e-3 1.0316e-5 -2.3298e-3
72.20 0.0023 2.2985e-3 1.0051e-5 -2.3009e-3
72.30 0.0023 2.2701e-3 9.7937e-6 -2.2724e-3
72.40 0.0022 2.2420e-3 9.5428e-6 -2.2443e-3
72.50 0.0022 2.2143e-3 9.2984e-6 -2.2165e-3
72.60 0.0022 2.1869e-3 9.0604e-6 -2.1890e-3
72.70 0.0022 2.1598e-3 8.8285e-6 -2.1619e-3
72.80 0.0021 2.1331e-3 8.6026e-6 -2.1352e-3
72.90 0.0021 2.1067e-3 8.3825e-6 -2.1087e-3
73.00 0.0021 2.0807e-3 8.1681e-6 -2.0826e-3
73.10 0.0021 2.0550e-3 7.9593e-6 -2.0569e-3
73.20 0.0020 2.0296e-3 7.7559e-6 -2.0314e-3
73.30 0.0020 2.0045e-3 7.5577e-6 -2.0063e-3
73.40 0.0020 1.9797e-3 7.3646e-6 -1.9814e-3
73.50 0.0020 1.9553e-3 7.1765e-6 -1.9569e-3
73.60 0.0019 1.9311e-3 6.9933e-6 -1.9327e-3
73.70 0.0019 1.9072e-3 6.8148e-6 -1.9088e-3
73.80 0.0019 1.8837e-3 6.6409e-6 -1.8852e-3
73.90 0.0019 1.8604e-3 6.4714e-6 -1.8619e-3
74.00 0.0018 1.8374e-3 6.3064e-6 -1.8389e-3
74.10 0.0018 1.8147e-3 6.1456e-6 -1.8162e-3
74.20 0.0018 1.7923e-3 5.9889e-6 -1.7937e-3
74.30 0.0018 1.7702e-3 5.8363e-6 -1.7715e-3
74.40 0.0018 1.7483e-3 5.6876e-6 -1.7496e-3
74.50 0.0017 1.7267e-3 5.5427e-6 -1.7280e-3
74.60 0.0017 1.7054e-3 5.4015e-6 -1.7067e-3
74.70 0.0017 1.6844e-3 5.2640e-6 -1.6856e-3
74.80 0.0017 1.6636e-3 5.1300e-6 -1.6648e-3
74.90 0.0016 1.6431e-3 4.9995e-6 -1.6442e-3
75.00 0.0016 1.6228e-3 4.8723e-6 -1.6239e-3
75.10 0.0016 1.6028e-3 4.7483e-6 -1.6038e-3
75.20 0.0016 1.5830e-3 4.6276e-6 -1.5840e-3
75.30 0.0016 1.5635e-3 4.5099e-6 -1.5645e-3
75.40 0.0015 1.5442e-3 4.3953e-6 -1.5452e-3
75.50 0.0015 1.5251e-3 4.2836e-6 -1.5261e-3
75.60 0.0015 1.5063e-3 4.1748e-6 -1.5073e-3
75.70 0.0015 1.4877e-3 4.0688e-6 -1.4887e-3
75.80 0.0015 1.4694e-3 3.9655e-6 -1.4703e-3
75.90 0.0015 1.4513e-3 3.8648e-6 -1.4522e-3
76.00 0.0014 1.4334e-3 3.7667e-6 -1.4342e-3
76.10 0.0014 1.4157e-3 3.6711e-6 -1.4166e-3
76.20 0.0014 1.3983e-3 3.5780e-6 -1.3991e-3
76.30 0.0014 1.3810e-3 3.4873e-6 -1.3818e-3
76.40 0.0014 1.3640e-3 3.3989e-6 -1.3648e-3
76.50 0.0013 1.3472e-3 3.3127e-6 -1.3480e-3
76.60 0.0013 1.3306e-3 3.2287e-6 -1.3313e-3
76.70 0.0013 1.3142e-3 3.1469e-6 -1.3149e-3
76.80 0.0013 1.2980e-3 3.0672e-6 -1.2987e-3
76.90 0.0013 1.2820e-3 2.9895e-6 -1.2827e-3
77.00 0.0013 1.2663e-3 2.9139e-6 -1.2669e-3
77.10 0.0013 1.2507e-3 2.8401e-6 -1.2513e-3
77.20 0.0012 1.2353e-3 2.7682e-6 -1.2359e-3
77.30 0.0012 1.2201e-3 2.6982e-6 -1.2207e-3
77.40 0.0012 1.2050e-3 2.6299e-6 -1.2056e-3
77.50 0.0012 1.1902e-3 2.5634e-6 -1.1908e-3
77.60 0.0012 1.1756e-3 2.4986e-6 -1.1761e-3
77.70 0.0012 1.1611e-3 2.4354e-6 -1.1616e-3
77.80 0.0011 1.1468e-3 2.3739e-6 -1.1473e-3
77.90 0.0011 1.1327e-3 2.3139e-6 -1.1332e-3
78.00 0.0011 1.1188e-3 2.2554e-6 -1.1193e-3
78.10 0.0011 1.1050e-3 2.1985e-6 -1.1055e-3
78.20 0.0011 1.0914e-3 2.1430e-6 -1.0919e-3
78.30 0.0011 1.0780e-3 2.0889e-6 -1.0784e-3
78.40 0.0011 1.0647e-3 2.0362e-6 -1.0652e-3
78.50 0.0011 1.0516e-3 1.9848e-6 -1.0521e-3
78.60 0.0010 1.0387e-3 1.9347e-6 -1.0391e-3
78.70 0.0010 1.0259e-3 1.8859e-6 -1.0263e-3
78.80 0.0010 1.0133e-3 1.8383e-6 -1.0137e-3
78.90 0.0010 1.0009e-3 1.7920e-6 -1.0013e-3
79.00 0.0010 9.8857e-4 1.7468e-6 -9.8895e-4
79.10 0.0010 9.7642e-4 1.7028e-6 -9.7679e-4
79.20 0.0010 9.6442e-4 1.6599e-6 -9.6479e-4
79.30 0.0010 9.5257e-4 1.6181e-6 -9.5293e-4
79.40 0.0009 9.4087e-4 1.5773e-6 -9.4122e-4
79.50 0.0009 9.2931e-4 1.5376e-6 -9.2965e-4
79.60 0.0009 9.1790e-4 1.4989e-6 -9.1823e-4
79.70 0.0009 9.0663e-4 1.4612e-6 -9.0695e-4
79.80 0.0009 8.9549e-4 1.4244e-6 -8.9580e-4
79.90 0.0009 8.8450e-4 1.3886e-6 -8.8480e-4
