# R/Å F/kT U/kT C/R <exp(-u/kT)-1>
23.00 241.1794 2.2788e2 0.0000e0 -1.0000e0
23.10 199.9315 1.8663e2 0.0000e0 -1.0000e0
23.20 166.2269 1.5292e2 -8.5945e-12 -1.0000e0
23.30 138.6093 1.2531e2 0.0000e0 -1.0000e0
23.40 115.9284 1.0262e2 0.0000e0 -1.0000e0
23.50 97.2687 8.3965e1 0.0000e0 -1.0000e0
23.60 81.8947 6.8591e1 5.3716e-13 -1.0000e0
23.70 69.2142 5.5910e1 1.0743e-12 -1.0000e0
23.80 58.7476 4.5444e1 1.6026e-8 -1.0000e0
23.90 50.1030 3.6799e1 4.2358e-5 -1.0000e0
24.00 42.9610 2.9658e1 8.6907e-3 -1.0000e0
24.10 37.0498 2.3803e1 2.1624e-1 -1.0000e0
24.20 31.9429 1.9186e1 4.3686e-1 -1.0000e0
24.30 26.8220 1.4298e1 5.8829e-1 -1.0000e0
24.40 22.1023 9.4747e0 9.8236e-1 -1.0000e0
24.50 18.2795 5.7201e0 8.7764e-1 -1.0000e0
24.60 15.2839 2.8393e0 7.0435e-1 -1.0000e0
24.70 12.9663 6.2878e-1 5.7793e-1 -1.0000e0
24.80 11.1916 -1.0444e0 5.3374e-1 -9.9999e-1
24.90 9.8398 -2.2736e0 5.6712e-1 -9.9995e-1
25.00 8.8009 -3.1475e0 5.8083e-1 -9.9985e-1
25.10 7.9817 -3.7846e0 5.0214e-1 -9.9966e-1
25.20 7.3196 -4.2988e0 4.7267e-1 -9.9934e-1
25.30 6.7830 -4.7220e0 6.4264e-1 -9.9887e-1
25.40 6.3510 -5.0247e0 9.3825e-1 -9.9826e-1
25.50 5.9980 -5.1965e0 1.1766e0 -9.9752e-1
25.60 5.6969 -5.2706e0 1.2910e0 -9.9664e-1
25.70 5.4248 -5.2833e0 1.3732e0 -9.9559e-1
25.80 5.1567 -5.2549e0 1.4283e0 -9.9424e-1
25.90 4.8591 -5.2586e0 1.3880e0 -9.9224e-1
26.00 4.5117 -5.4200e0 1.5165e0 -9.8902e-1
26.10 4.1350 -5.7467e0 2.0183e0 -9.8400e-1
26.20 3.7731 -6.1092e0 2.6221e0 -9.7702e-1
26.30 3.4587 -6.3976e0 3.0738e0 -9.6853e-1
26.40 3.2040 -6.5747e0 3.3381e0 -9.5940e-1
26.50 3.0086 -6.6404e0 3.4591e0 -9.5064e-1
26.60 2.8646 -6.6062e0 3.4761e0 -9.4299e-1
26.70 2.7568 -6.4923e0 3.4018e0 -9.3650e-1
26.80 2.6650 -6.3381e0 3.2517e0 -9.3040e-1
26.90 2.5719 -6.1979e0 3.1183e0 -9.2361e-1
27.00 2.4708 -6.1056e0 3.1222e0 -9.1548e-1
27.10 2.3662 -6.0489e0 3.2663e0 -9.0616e-1
27.20 2.2651 -5.9913e0 3.4330e0 -8.9618e-1
27.30 2.1698 -5.9107e0 3.5120e0 -8.8580e-1
27.40 2.0787 -5.8101e0 3.4923e0 -8.7491e-1
27.50 1.9899 -5.6987e0 3.4134e0 -8.6329e-1
27.60 1.9028 -5.5807e0 3.2869e0 -8.5084e-1
27.70 1.8174 -5.4597e0 3.1081e0 -8.3756e-1
27.80 1.7342 -5.3421e0 2.8967e0 -8.2346e-1
27.90 1.6540 -5.2325e0 2.6881e0 -8.0872e-1
28.00 1.5775 -5.1322e0 2.5150e0 -7.9351e-1
28.10 1.5045 -5.0402e0 2.3871e0 -7.7788e-1
28.20 1.4334 -4.9577e0 2.2949e0 -7.6150e-1
28.30 1.3616 -4.8916e0 2.2423e0 -7.4376e-1
28.40 1.2885 -4.8475e0 2.2539e0 -7.2432e-1
28.50 1.2154 -4.8216e0 2.3368e0 -7.0341e-1
28.60 1.1446 -4.8027e0 2.4636e0 -6.8165e-1
28.70 1.0778 -4.7805e0 2.5956e0 -6.5965e-1
28.80 1.0155 -4.7499e0 2.7061e0 -6.3779e-1
28.90 0.9583 -4.7090e0 2.7823e0 -6.1645e-1
29.00 0.9064 -4.6565e0 2.8176e0 -5.9604e-1
29.10 0.8599 -4.5922e0 2.8081e0 -5.7678e-1
29.20 0.8176 -4.5194e0 2.7607e0 -5.5852e-1
29.30 0.7783 -4.4439e0 2.6945e0 -5.4082e-1
29.40 0.7407 -4.3710e0 2.6282e0 -5.2324e-1
29.50 0.7044 -4.3037e0 2.5707e0 -5.0560e-1
29.60 0.6695 -4.2428e0 2.5259e0 -4.8805e-1
29.70 0.6368 -4.1873e0 2.4961e0 -4.7100e-1
29.80 0.6067 -4.1355e0 2.4823e0 -4.5487e-1
29.90 0.5797 -4.0852e0 2.4838e0 -4.3992e-1
30.00 0.5554 -4.0348e0 2.4950e0 -4.2615e-1
30.10 0.5334 -3.9834e0 2.5053e0 -4.1337e-1
30.20 0.5130 -3.9303e0 2.5058e0 -4.0133e-1
30.30 0.4940 -3.8755e0 2.4921e0 -3.8980e-1
30.40 0.4755 -3.8192e0 2.4630e0 -3.7845e-1
30.50 0.4569 -3.7641e0 2.4242e0 -3.6676e-1
30.60 0.4371 -3.7144e0 2.3909e0 -3.5408e-1
30.70 0.4156 -3.6741e0 2.3822e0 -3.4005e-1
30.80 0.3928 -3.6437e0 2.4070e0 -3.2481e-1
30.90 0.3695 -3.6200e0 2.4579e0 -3.0894e-1
31.00 0.3469 -3.5981e0 2.5191e0 -2.9314e-1
31.10 0.3256 -3.5733e0 2.5750e0 -2.7793e-1
31.20 0.3059 -3.5421e0 2.6103e0 -2.6356e-1
31.30 0.2874 -3.5036e0 2.6121e0 -2.4982e-1
31.40 0.2694 -3.4601e0 2.5794e0 -2.3619e-1
31.50 0.2512 -3.4162e0 2.5270e0 -2.2213e-1
31.60 0.2324 -3.3756e0 2.4760e0 -2.0741e-1
31.70 0.2135 -3.3390e0 2.4381e0 -1.9222e-1
31.80 0.1947 -3.3049e0 2.4112e0 -1.7692e-1
31.90 0.1764 -3.2717e0 2.3886e0 -1.6174e-1
32.00 0.1587 -3.2389e0 2.3667e0 -1.4675e-1
32.10 0.1416 -3.2059e0 2.3442e0 -1.3204e-1
32.20 0.1252 -3.1724e0 2.3200e0 -1.1766e-1
32.30 0.1094 -3.1382e0 2.2933e0 -1.0360e-1
32.40 0.0941 -3.1039e0 2.2650e0 -8.9790e-2
32.50 0.0793 -3.0700e0 2.2375e0 -7.6239e-2
32.60 0.0652 -3.0363e0 2.2121e0 -6.3130e-2
32.70 0.0521 -3.0019e0 2.1876e0 -5.0719e-2
32.80 0.0399 -2.9660e0 2.1615e0 -3.9101e-2
32.90 0.0285 -2.9286e0 2.1329e0 -2.8134e-2
33.00 0.0176 -2.8907e0 2.1038e0 -1.7485e-2
33.10 0.0068 -2.8535e0 2.0790e0 -6.8125e-3
33.20 -0.0041 -2.8178e0 2.0615e0 4.1024e-3
33.30 -0.0153 -2.7837e0 2.0495e0 1.5382e-2
33.40 -0.0268 -2.7512e0 2.0384e0 2.7201e-2
33.50 -0.0390 -2.7210e0 2.0273e0 3.9779e-2
33.60 -0.0518 -2.6940e0 2.0200e0 5.3214e-2
33.70 -0.0651 -2.6700e0 2.0184e0 6.7310e-2
33.80 -0.0785 -2.6474e0 2.0187e0 8.1653e-2
33.90 -0.0915 -2.6247e0 2.0146e0 9.5823e-2
34.00 -0.1039 -2.6009e0 2.0024e0 1.0953e-1
34.10 -0.1157 -2.5759e0 1.9829e0 1.2264e-1
34.20 -0.1268 -2.5502e0 1.9598e0 1.3515e-1
34.30 -0.1372 -2.5241e0 1.9364e0 1.4710e-1
34.40 -0.1472 -2.4983e0 1.9152e0 1.5855e-1
34.50 -0.1566 -2.4730e0 1.8986e0 1.6956e-1
34.60 -0.1656 -2.4483e0 1.8874e0 1.8005e-1
34.70 -0.1738 -2.4231e0 1.8783e0 1.8985e-1
34.80 -0.1814 -2.3964e0 1.8650e0 1.9891e-1
34.90 -0.1885 -2.3682e0 1.8438e0 2.0739e-1
35.00 -0.1953 -2.3396e0 1.8164e0 2.1565e-1
35.10 -0.2021 -2.3120e0 1.7881e0 2.2399e-1
35.20 -0.2091 -2.2862e0 1.7638e0 2.3256e-1
35.30 -0.2162 -2.2625e0 1.7457e0 2.4136e-1
35.40 -0.2234 -2.2405e0 1.7337e0 2.5035e-1
35.50 -0.2308 -2.2201e0 1.7272e0 2.5958e-1
35.60 -0.2384 -2.2014e0 1.7253e0 2.6916e-1
35.70 -0.2462 -2.1844e0 1.7280e0 2.7918e-1
35.80 -0.2543 -2.1693e0 1.7360e0 2.8956e-1
35.90 -0.2623 -2.1554e0 1.7491e0 2.9998e-1
36.00 -0.2700 -2.1416e0 1.7636e0 3.1002e-1
36.10 -0.2771 -2.1264e0 1.7733e0 3.1928e-1
36.20 -0.2833 -2.1090e0 1.7737e0 3.2754e-1
36.30 -0.2887 -2.0894e0 1.7643e0 3.3470e-1
36.40 -0.2933 -2.0678e0 1.7469e0 3.4087e-1
36.50 -0.2974 -2.0448e0 1.7246e0 3.4630e-1
36.60 -0.3011 -2.0214e0 1.7011e0 3.5133e-1
36.70 -0.3047 -1.9983e0 1.6793e0 3.5626e-1
36.80 -0.3085 -1.9762e0 1.6609e0 3.6133e-1
36.90 -0.3124 -1.9553e0 1.6460e0 3.6672e-1
37.00 -0.3167 -1.9358e0 1.6344e0 3.7254e-1
37.10 -0.3212 -1.9180e0 1.6262e0 3.7878e-1
37.20 -0.3259 -1.9018e0 1.6218e0 3.8533e-1
37.30 -0.3307 -1.8868e0 1.6214e0 3.9188e-1
37.40 -0.3351 -1.8719e0 1.6226e0 3.9812e-1
37.50 -0.3392 -1.8563e0 1.6218e0 4.0383e-1
37.60 -0.3429 -1.8397e0 1.6168e0 4.0905e-1
37.70 -0.3464 -1.8225e0 1.6083e0 4.1397e-1
37.80 -0.3498 -1.8055e0 1.5991e0 4.1878e-1
37.90 -0.3532 -1.7888e0 1.5910e0 4.2355e-1
38.00 -0.3565 -1.7727e0 1.5845e0 4.2826e-1
38.10 -0.3596 -1.7567e0 1.5790e0 4.3282e-1
38.20 -0.3627 -1.7408e0 1.5732e0 4.3716e-1
38.30 -0.3655 -1.7245e0 1.5658e0 4.4117e-1
38.40 -0.3679 -1.7076e0 1.5558e0 4.4476e-1
38.50 -0.3701 -1.6903e0 1.5432e0 4.4793e-1
38.60 -0.3720 -1.6726e0 1.5292e0 4.5068e-1
38.70 -0.3737 -1.6549e0 1.5152e0 4.5306e-1
38.80 -0.3751 -1.6371e0 1.5017e0 4.5513e-1
38.90 -0.3763 -1.6193e0 1.4887e0 4.5694e-1
39.00 -0.3774 -1.6018e0 1.4766e0 4.5851e-1
39.10 -0.3783 -1.5844e0 1.4656e0 4.5981e-1
39.20 -0.3790 -1.5669e0 1.4554e0 4.6080e-1
39.30 -0.3794 -1.5490e0 1.4447e0 4.6145e-1
39.40 -0.3796 -1.5306e0 1.4321e0 4.6176e-1
39.50 -0.3797 -1.5117e0 1.4168e0 4.6181e-1
39.60 -0.3796 -1.4924e0 1.3990e0 4.6165e-1
39.70 -0.3794 -1.4730e0 1.3796e0 4.6140e-1
39.80 -0.3792 -1.4538e0 1.3602e0 4.6113e-1
39.90 -0.3790 -1.4353e0 1.3420e0 4.6089e-1
40.00 -0.3789 -1.4173e0 1.3257e0 4.6066e-1
40.10 -0.3787 -1.4000e0 1.3113e0 4.6039e-1
40.20 -0.3784 -1.3831e0 1.2986e0 4.5997e-1
40.30 -0.3780 -1.3661e0 1.2866e0 4.5930e-1
40.40 -0.3773 -1.3489e0 1.2741e0 4.5833e-1
40.50 -0.3765 -1.3313e0 1.2602e0 4.5712e-1
40.60 -0.3755 -1.3135e0 1.2445e0 4.5575e-1
40.70 -0.3746 -1.2958e0 1.2281e0 4.5438e-1
40.80 -0.3737 -1.2787e0 1.2124e0 4.5309e-1
40.90 -0.3729 -1.2623e0 1.1986e0 4.5190e-1
41.00 -0.3721 -1.2467e0 1.1871e0 4.5075e-1
41.10 -0.3713 -1.2318e0 1.1778e0 4.4957e-1
41.20 -0.3704 -1.2175e0 1.1710e0 4.4831e-1
41.30 -0.3694 -1.2037e0 1.1672e0 4.4688e-1
41.40 -0.3682 -1.1903e0 1.1659e0 4.4518e-1
41.50 -0.3668 -1.1766e0 1.1648e0 4.4313e-1
41.60 -0.3651 -1.1623e0 1.1616e0 4.4072e-1
41.70 -0.3633 -1.1476e0 1.1552e0 4.3800e-1
41.80 -0.3612 -1.1325e0 1.1466e0 4.3504e-1
41.90 -0.3590 -1.1174e0 1.1374e0 4.3185e-1
42.00 -0.3566 -1.1023e0 1.1285e0 4.2846e-1
42.10 -0.3541 -1.0871e0 1.1197e0 4.2492e-1
42.20 -0.3516 -1.0720e0 1.1107e0 4.2132e-1
42.30 -0.3491 -1.0572e0 1.1016e0 4.1774e-1
42.40 -0.3466 -1.0427e0 1.0932e0 4.1419e-1
42.50 -0.3440 -1.0286e0 1.0857e0 4.1064e-1
42.60 -0.3415 -1.0147e0 1.0787e0 4.0704e-1
42.70 -0.3389 -1.0008e0 1.0711e0 4.0334e-1
42.80 -0.3361 -9.8676e-1 1.0623e0 3.9951e-1
42.90 -0.3333 -9.7244e-1 1.0517e0 3.9552e-1
43.00 -0.3303 -9.5780e-1 1.0392e0 3.9136e-1
43.10 -0.3272 -9.4294e-1 1.0250e0 3.8710e-1
43.20 -0.3241 -9.2812e-1 1.0100e0 3.8283e-1
43.30 -0.3211 -9.1367e-1 9.9583e-1 3.7862e-1
43.40 -0.3181 -8.9978e-1 9.8365e-1 3.7450e-1
43.50 -0.3151 -8.8641e-1 9.7371e-1 3.7044e-1
43.60 -0.3122 -8.7337e-1 9.6517e-1 3.6638e-1
43.70 -0.3091 -8.6041e-1 9.5671e-1 3.6225e-1
43.80 -0.3060 -8.4732e-1 9.4727e-1 3.5798e-1
43.90 -0.3027 -8.3397e-1 9.3639e-1 3.5354e-1
44.00 -0.2993 -8.2027e-1 9.2399e-1 3.4891e-1
44.10 -0.2957 -8.0616e-1 9.1007e-1 3.4410e-1
44.20 -0.2920 -7.9167e-1 8.9459e-1 3.3916e-1
44.30 -0.2883 -7.7689e-1 8.7765e-1 3.3415e-1
44.40 -0.2845 -7.6201e-1 8.5963e-1 3.2913e-1
44.50 -0.2808 -7.4720e-1 8.4113e-1 3.2416e-1
44.60 -0.2771 -7.3258e-1 8.2264e-1 3.1926e-1
44.70 -0.2734 -7.1822e-1 8.0448e-1 3.1444e-1
44.80 -0.2698 -7.0417e-1 7.8695e-1 3.0971e-1
44.90 -0.2663 -6.9052e-1 7.7035e-1 3.0507e-1
45.00 -0.2628 -6.7729e-1 7.5502e-1 3.0055e-1
45.10 -0.2594 -6.6451e-1 7.4109e-1 2.9615e-1
45.20 -0.2561 -6.5218e-1 7.2851e-1 2.9187e-1
45.30 -0.2529 -6.4032e-1 7.1715e-1 2.8776e-1
45.40 -0.2498 -6.2898e-1 7.0701e-1 2.8381e-1
45.50 -0.2469 -6.1821e-1 6.9817e-1 2.8003e-1
45.60 -0.2440 -6.0797e-1 6.9070e-1 2.7638e-1
45.70 -0.2412 -5.9817e-1 6.8441e-1 2.7281e-1
45.80 -0.2384 -5.8866e-1 6.7888e-1 2.6925e-1
45.90 -0.2356 -5.7932e-1 6.7367e-1 2.6565e-1
46.00 -0.2327 -5.7002e-1 6.6853e-1 2.6195e-1
46.10 -0.2296 -5.6066e-1 6.6315e-1 2.5811e-1
46.20 -0.2264 -5.5111e-1 6.5710e-1 2.5410e-1
46.30 -0.2230 -5.4126e-1 6.4993e-1 2.4988e-1
46.40 -0.2195 -5.3107e-1 6.4144e-1 2.4547e-1
46.50 -0.2158 -5.2053e-1 6.3160e-1 2.4088e-1
46.60 -0.2120 -5.0972e-1 6.2056e-1 2.3617e-1
46.70 -0.2082 -4.9875e-1 6.0862e-1 2.3140e-1
46.80 -0.2043 -4.8779e-1 5.9618e-1 2.2665e-1
46.90 -0.2004 -4.7699e-1 5.8378e-1 2.2194e-1
47.00 -0.1966 -4.6642e-1 5.7184e-1 2.1728e-1
47.10 -0.1928 -4.5605e-1 5.6042e-1 2.1266e-1
47.20 -0.1890 -4.4578e-1 5.4924e-1 2.0805e-1
47.30 -0.1852 -4.3550e-1 5.3788e-1 2.0345e-1
47.40 -0.1814 -4.2522e-1 5.2612e-1 1.9887e-1
47.50 -0.1776 -4.1499e-1 5.1402e-1 1.9435e-1
47.60 -0.1739 -4.0493e-1 5.0197e-1 1.8994e-1
47.70 -0.1703 -3.9518e-1 4.9043e-1 1.8565e-1
47.80 -0.1668 -3.8576e-1 4.7965e-1 1.8150e-1
47.90 -0.1634 -3.7666e-1 4.6958e-1 1.7748e-1
48.00 -0.1600 -3.6777e-1 4.5989e-1 1.7356e-1
48.10 -0.1568 -3.5903e-1 4.5019e-1 1.6973e-1
48.20 -0.1536 -3.5042e-1 4.4033e-1 1.6599e-1
48.30 -0.1504 -3.4195e-1 4.3036e-1 1.6232e-1
48.40 -0.1473 -3.3361e-1 4.2042e-1 1.5870e-1
48.50 -0.1442 -3.2536e-1 4.1048e-1 1.5510e-1
48.60 -0.1410 -3.1714e-1 4.0041e-1 1.5148e-1
48.70 -0.1379 -3.0888e-1 3.9005e-1 1.4783e-1
48.80 -0.1346 -3.0055e-1 3.7932e-1 1.4412e-1
48.90 -0.1314 -2.9214e-1 3.6822e-1 1.4037e-1
49.00 -0.1280 -2.8367e-1 3.5684e-1 1.3658e-1
49.10 -0.1247 -2.7520e-1 3.4536e-1 1.3278e-1
49.20 -0.1213 -2.6677e-1 3.3394e-1 1.2899e-1
49.30 -0.1180 -2.5843e-1 3.2263e-1 1.2523e-1
49.40 -0.1147 -2.5022e-1 3.1143e-1 1.2153e-1
49.50 -0.1114 -2.4219e-1 3.0038e-1 1.1788e-1
49.60 -0.1082 -2.3436e-1 2.8961e-1 1.1430e-1
49.70 -0.1051 -2.2676e-1 2.7925e-1 1.1078e-1
49.80 -0.1019 -2.1939e-1 2.6941e-1 1.0732e-1
49.90 -0.0989 -2.1224e-1 2.6010e-1 1.0392e-1
50.00 -0.0958 -2.0525e-1 2.5122e-1 1.0057e-1
50.10 -0.0928 -1.9840e-1 2.4260e-1 9.7271e-2
50.20 -0.0899 -1.9168e-1 2.3412e-1 9.4026e-2
50.30 -0.0870 -1.8510e-1 2.2578e-1 9.0844e-2
50.40 -0.0841 -1.7868e-1 2.1768e-1 8.7729e-2
50.50 -0.0813 -1.7243e-1 2.0989e-1 8.4687e-2
50.60 -0.0786 -1.6634e-1 2.0242e-1 8.1719e-2
50.70 -0.0759 -1.6042e-1 1.9520e-1 7.8831e-2
50.80 -0.0733 -1.5465e-1 1.8818e-1 7.6030e-2
50.90 -0.0708 -1.4906e-1 1.8139e-1 7.3323e-2
51.00 -0.0683 -1.4368e-1 1.7488e-1 7.0712e-2
51.10 -0.0660 -1.3849e-1 1.6870e-1 6.8195e-2
51.20 -0.0637 -1.3350e-1 1.6286e-1 6.5766e-2
51.30 -0.0615 -1.2867e-1 1.5726e-1 6.3419e-2
51.40 -0.0594 -1.2399e-1 1.5184e-1 6.1152e-2
51.50 -0.0573 -1.1947e-1 1.4659e-1 5.8960e-2
51.60 -0.0553 -1.1509e-1 1.4153e-1 5.6842e-2
51.70 -0.0533 -1.1084e-1 1.3665e-1 5.4790e-2
51.80 -0.0515 -1.0671e-1 1.3191e-1 5.2797e-2
51.90 -0.0496 -1.0266e-1 1.2720e-1 5.0859e-2
52.00 -0.0478 -9.8682e-2 1.2246e-1 4.8970e-2
52.10 -0.0461 -9.4770e-2 1.1764e-1 4.7128e-2
52.20 -0.0443 -9.0924e-2 1.1274e-1 4.5325e-2
52.30 -0.0426 -8.7141e-2 1.0780e-1 4.3556e-2
52.40 -0.0410 -8.3423e-2 1.0284e-1 4.1814e-2
52.50 -0.0393 -7.9768e-2 9.7925e-2 4.0095e-2
52.60 -0.0377 -7.6177e-2 9.3088e-2 3.8393e-2
52.70 -0.0360 -7.2641e-2 8.8344e-2 3.6705e-2
52.80 -0.0344 -6.9152e-2 8.3687e-2 3.5028e-2
52.90 -0.0328 -6.5706e-2 7.9107e-2 3.3363e-2
53.00 -0.0312 -6.2313e-2 7.4601e-2 3.1717e-2
53.10 -0.0297 -5.8992e-2 7.0202e-2 3.0099e-2
53.20 -0.0281 -5.5772e-2 6.5965e-2 2.8517e-2
53.30 -0.0266 -5.2674e-2 6.1939e-2 2.6977e-2
53.40 -0.0252 -4.9712e-2 5.8162e-2 2.5478e-2
53.50 -0.0237 -4.6890e-2 5.4659e-2 2.4017e-2
53.60 -0.0223 -4.4193e-2 5.1436e-2 2.2586e-2
53.70 -0.0210 -4.1596e-2 4.8453e-2 2.1179e-2
53.80 -0.0196 -3.9073e-2 4.5646e-2 1.9790e-2
53.90 -0.0183 -3.6608e-2 4.2955e-2 1.8418e-2
54.00 -0.0169 -3.4191e-2 4.0348e-2 1.7067e-2
54.10 -0.0156 -3.1822e-2 3.7811e-2 1.5741e-2
54.20 -0.0143 -2.9503e-2 3.5332e-2 1.4449e-2
54.30 -0.0131 -2.7249e-2 3.2914e-2 1.3200e-2
54.40 -0.0119 -2.5082e-2 3.0578e-2 1.2004e-2
54.50 -0.0108 -2.3019e-2 2.8357e-2 1.0865e-2
54.60 -0.0097 -2.1069e-2 2.6276e-2 9.7857e-3
54.70 -0.0087 -1.9232e-2 2.4341e-2 8.7630e-3
54.80 -0.0078 -1.7504e-2 2.2550e-2 7.7943e-3
54.90 -0.0069 -1.5879e-2 2.0893e-2 6.8766e-3
55.00 -0.0060 -1.4350e-2 1.9364e-2 6.0071e-3
55.10 -0.0052 -1.2913e-2 1.7959e-2 5.1828e-3
55.20 -0.0044 -1.1559e-2 1.6670e-2 4.4011e-3
55.30 -0.0037 -1.0280e-2 1.5483e-2 3.6599e-3
55.40 -0.0030 -9.0720e-3 1.4376e-2 2.9584e-3
55.50 -0.0023 -7.9356e-3 1.3333e-2 2.2956e-3
55.60 -0.0017 -6.8722e-3 1.2357e-2 1.6688e-3
55.70 -0.0011 -5.8787e-3 1.1458e-2 1.0730e-3
55.80 -0.0005 -4.9457e-3 1.0632e-2 5.0207e-4
55.90 0.0000 -4.0625e-3 9.8642e-3 -4.9075e-5
56.00 0.0006 -3.2202e-3 9.1418e-3 -5.8448e-4
56.10 0.0011 -2.4117e-3 8.4572e-3 -1.1070e-3
56.20 0.0016 -1.6318e-3 7.8063e-3 -1.6177e-3
56.30 0.0021 -8.7744e-4 7.1852e-3 -2.1165e-3
56.40 0.0026 -1.4831e-4 6.5910e-3 -2.6016e-3
56.50 0.0031 5.5371e-4 6.0227e-3 -3.0710e-3
56.60 0.0035 1.2256e-3 5.4821e-3 -3.5224e-3
56.70 0.0040 1.8642e-3 4.9725e-3 -3.9541e-3
56.80 0.0044 2.4673e-3 4.4972e-3 -4.3647e-3
56.90 0.0048 3.0332e-3 4.0583e-3 -4.7531e-3
57.00 0.0051 3.5614e-3 3.6569e-3 -5.1192e-3
57.10 0.0055 4.0523e-3 3.2927e-3 -5.4627e-3
57.20 0.0058 4.5071e-3 2.9642e-3 -5.7839e-3
57.30 0.0061 4.9274e-3 2.6691e-3 -6.0833e-3
57.40 0.0064 5.3146e-3 2.4045e-3 -6.3611e-3
57.50 0.0066 5.6704e-3 2.1677e-3 -6.6180e-3
57.60 0.0069 5.9963e-3 1.9558e-3 -6.8544e-3
57.70 0.0071 6.2939e-3 1.7664e-3 -7.0712e-3
57.80 0.0073 6.5646e-3 1.5973e-3 -7.2690e-3
57.90 0.0075 6.8099e-3 1.4464e-3 -7.4487e-3
58.00 0.0076 7.0314e-3 1.3120e-3 -7.6111e-3
58.10 0.0078 7.2304e-3 1.1922e-3 -7.7571e-3
58.20 0.0079 7.4085e-3 1.0857e-3 -7.8875e-3
58.30 0.0080 7.5670e-3 9.9097e-4 -8.0033e-3
58.40 0.0081 7.7073e-3 9.0665e-4 -8.1053e-3
58.50 0.0082 7.8307e-3 8.3156e-4 -8.1944e-3
58.60 0.0083 7.9386e-3 7.6462e-4 -8.2714e-3
58.70 0.0084 8.0321e-3 7.0485e-4 -8.3372e-3
58.80 0.0084 8.1122e-3 6.5141e-4 -8.3924e-3
58.90 0.0085 8.1801e-3 6.0355e-4 -8.4378e-3
59.00 0.0085 8.2365e-3 5.6062e-4 -8.4741e-3
59.10 0.0085 8.2825e-3 5.2204e-4 -8.5019e-3
59.20 0.0086 8.3188e-3 4.8730e-4 -8.5217e-3
59.30 0.0086 8.3460e-3 4.5596e-4 -8.5341e-3
59.40 0.0086 8.3650e-3 4.2763e-4 -8.5396e-3
59.50 0.0086 8.3763e-3 4.0197e-4 -8.5387e-3
59.60 0.0086 8.3805e-3 3.7868e-4 -8.5318e-3
59.70 0.0086 8.3781e-3 3.5749e-4 -8.5193e-3
59.80 0.0085 8.3697e-3 3.3818e-4 -8.5018e-3
59.90 0.0085 8.3556e-3 3.2053e-4 -8.4794e-3
60.00 0.0085 8.3364e-3 3.0437e-4 -8.4526e-3
60.10 0.0085 8.3124e-3 2.8954e-4 -8.4216e-3
60.20 0.0084 8.2840e-3 2.7590e-4 -8.3868e-3
60.30 0.0084 8.2516e-3 2.6332e-4 -8.3485e-3
60.40 0.0083 8.2154e-3 2.5169e-4 -8.3070e-3
60.50 0.0083 8.1757e-3 2.4093e-4 -8.2624e-3
60.60 0.0082 8.1329e-3 2.3093e-4 -8.2150e-3
60.70 0.0082 8.0871e-3 2.2162e-4 -8.1650e-3
60.80 0.0081 8.0387e-3 2.1295e-4 -8.1127e-3
60.90 0.0081 7.9878e-3 2.0483e-4 -8.0582e-3
61.00 0.0080 7.9346e-3 1.9724e-4 -8.0018e-3
61.10 0.0080 7.8795e-3 1.9010e-4 -7.9435e-3
61.20 0.0079 7.8224e-3 1.8339e-4 -7.8836e-3
61.30 0.0079 7.7637e-3 1.7706e-4 -7.8222e-3
61.40 0.0078 7.7034e-3 1.7109e-4 -7.7594e-3
61.50 0.0077 7.6417e-3 1.6543e-4 -7.6954e-3
61.60 0.0077 7.5788e-3 1.6007e-4 -7.6302e-3
61.70 0.0076 7.5148e-3 1.5497e-4 -7.5641e-3
61.80 0.0075 7.4497e-3 1.5012e-4 -7.4972e-3
61.90 0.0075 7.3838e-3 1.4550e-4 -7.4294e-3
62.00 0.0074 7.3170e-3 1.4108e-4 -7.3610e-3
62.10 0.0073 7.2496e-3 1.3686e-4 -7.2919e-3
62.20 0.0072 7.1816e-3 1.3282e-4 -7.2224e-3
62.30 0.0072 7.1131e-3 1.2895e-4 -7.1525e-3
62.40 0.0071 7.0442e-3 1.2523e-4 -7.0822e-3
62.50 0.0070 6.9749e-3 1.2165e-4 -7.0116e-3
62.60 0.0070 6.9054e-3 1.1821e-4 -6.9408e-3
62.70 0.0069 6.8356e-3 1.1490e-4 -6.8699e-3
62.80 0.0068 6.7657e-3 1.1170e-4 -6.7989e-3
62.90 0.0068 6.6958e-3 1.0862e-4 -6.7278e-3
63.00 0.0067 6.6258e-3 1.0564e-4 -6.6568e-3
63.10 0.0066 6.5558e-3 1.0276e-4 -6.5858e-3
63.20 0.0065 6.4859e-3 9.9972e-5 -6.5149e-3
63.30 0.0065 6.4161e-3 9.7275e-5 -6.4442e-3
63.40 0.0064 6.3464e-3 9.4661e-5 -6.3737e-3
63.50 0.0063 6.2770e-3 9.2128e-5 -6.3035e-3
63.60 0.0063 6.2078e-3 8.9672e-5 -6.2335e-3
63.70 0.0062 6.1388e-3 8.7288e-5 -6.1638e-3
63.80 0.0061 6.0702e-3 8.4975e-5 -6.0944e-3
63.90 0.0060 6.0019e-3 8.2728e-5 -6.0253e-3
64.00 0.0060 5.9339e-3 8.0546e-5 -5.9567e-3
64.10 0.0059 5.8663e-3 7.8425e-5 -5.8884e-3
64.20 0.0058 5.7992e-3 7.6364e-5 -5.8206e-3
64.30 0.0058 5.7324e-3 7.4360e-5 -5.7532e-3
64.40 0.0057 5.6661e-3 7.2411e-5 -5.6863e-3
64.50 0.0056 5.6002e-3 7.0515e-5 -5.6199e-3
64.60 0.0056 5.5349e-3 6.8670e-5 -5.5539e-3
64.70 0.0055 5.4700e-3 6.6875e-5 -5.4885e-3
64.80 0.0054 5.4056e-3 6.5128e-5 -5.4236e-3
64.90 0.0054 5.3417e-3 6.3428e-5 -5.3592e-3
65.00 0.0053 5.2784e-3 6.1772e-5 -5.2954e-3
65.10 0.0052 5.2156e-3 6.0161e-5 -5.2322e-3
65.20 0.0052 5.1534e-3 5.8591e-5 -5.1695e-3
65.30 0.0051 5.0917e-3 5.7063e-5 -5.1073e-3
65.40 0.0051 5.0306e-3 5.5575e-5 -5.0458e-3
65.50 0.0050 4.9701e-3 5.4126e-5 -4.9848e-3
65.60 0.0049 4.9101e-3 5.2714e-5 -4.9244e-3
65.70 0.0049 4.8507e-3 5.1339e-5 -4.8647e-3
65.80 0.0048 4.7919e-3 5.0000e-5 -4.8055e-3
65.90 0.0048 4.7337e-3 4.8696e-5 -4.7469e-3
66.00 0.0047 4.6761e-3 4.7426e-5 -4.6889e-3
66.10 0.0046 4.6191e-3 4.6188e-5 -4.6315e-3
66.20 0.0046 4.5626e-3 4.4983e-5 -4.5748e-3
66.30 0.0045 4.5068e-3 4.3809e-5 -4.5186e-3
66.40 0.0045 4.4516e-3 4.2666e-5 -4.4630e-3
66.50 0.0044 4.3969e-3 4.1552e-5 -4.4080e-3
66.60 0.0044 4.3428e-3 4.0467e-5 -4.3537e-3
66.70 0.0043 4.2894e-3 3.9410e-5 -4.2999e-3
66.80 0.0043 4.2365e-3 3.8381e-5 -4.2467e-3
66.90 0.0042 4.1842e-3 3.7378e-5 -4.1941e-3
67.00 0.0042 4.1325e-3 3.6402e-5 -4.1422e-3
67.10 0.0041 4.0813e-3 3.5451e-5 -4.0908e-3
67.20 0.0040 4.0308e-3 3.4525e-5 -4.0400e-3
67.30 0.0040 3.9808e-3 3.3622e-5 -3.9898e-3
67.40 0.0039 3.9314e-3 3.2744e-5 -3.9401e-3
67.50 0.0039 3.8826e-3 3.1888e-5 -3.8911e-3
67.60 0.0038 3.8344e-3 3.1055e-5 -3.8426e-3
67.70 0.0038 3.7867e-3 3.0243e-5 -3.7947e-3
67.80 0.0038 3.7396e-3 2.9452e-5 -3.7473e-3
67.90 0.0037 3.6930e-3 2.8682e-5 -3.7006e-3
68.00 0.0037 3.6470e-3 2.7933e-5 -3.6543e-3
68.10 0.0036 3.6015e-3 2.7203e-5 -3.6087e-3
68.20 0.0036 3.5566e-3 2.6492e-5 -3.5635e-3
68.30 0.0035 3.5122e-3 2.5799e-5 -3.5190e-3
68.40 0.0035 3.4684e-3 2.5125e-5 -3.4749e-3
68.50 0.0034 3.4251e-3 2.4468e-5 -3.4315e-3
68.60 0.0034 3.3823e-3 2.3829e-5 -3.3885e-3
68.70 0.0034 3.3400e-3 2.3206e-5 -3.3461e-3
68.80 0.0033 3.2983e-3 2.2600e-5 -3.3041e-3
68.90 0.0033 3.2570e-3 2.2009e-5 -3.2627e-3
69.00 0.0032 3.2163e-3 2.1434e-5 -3.2218e-3
69.10 0.0032 3.1760e-3 2.0874e-5 -3.1814e-3
69.20 0.0031 3.1363e-3 2.0329e-5 -3.1416e-3
69.30 0.0031 3.0970e-3 1.9798e-5 -3.1022e-3
69.40 0.0031 3.0583e-3 1.9281e-5 -3.0632e-3
69.50 0.0030 3.0200e-3 1.8778e-5 -3.0248e-3
69.60 0.0030 2.9822e-3 1.8288e-5 -2.9869e-3
69.70 0.0030 2.9448e-3 1.7810e-5 -2.9494e-3
69.80 0.0029 2.9079e-3 1.7346e-5 -2.9124e-3
69.90 0.0029 2.8715e-3 1.6893e-5 -2.8758e-3
70.00 0.0028 2.8355e-3 1.6452e-5 -2.8397e-3
70.10 0.0028 2.8000e-3 1.6023e-5 -2.8041e-3
70.20 0.0028 2.7649e-3 1.5605e-5 -2.7689e-3
70.30 0.0027 2.7303e-3 1.5199e-5 -2.7342e-3
70.40 0.0027 2.6961e-3 1.4803e-5 -2.6998e-3
70.50 0.0027 2.6623e-3 1.4417e-5 -2.6660e-3
70.60 0.0026 2.6289e-3 1.4041e-5 -2.6325e-3
70.70 0.0026 2.5960e-3 1.3676e-5 -2.5995e-3
70.80 0.0026 2.5635e-3 1.3319e-5 -2.5668e-3
70.90 0.0025 2.5313e-3 1.2973e-5 -2.5346e-3
71.00 0.0025 2.4996e-3 1.2635e-5 -2.5028e-3
71.10 0.0025 2.4683e-3 1.2306e-5 -2.4714e-3
71.20 0.0024 2.4374e-3 1.1986e-5 -2.4404e-3
71.30 0.0024 2.4069e-3 1.1675e-5 -2.4098e-3
71.40 0.0024 2.3767e-3 1.1371e-5 -2.3796e-3
71.50 0.0024 2.3469e-3 1.1076e-5 -2.3497e-3
71.60 0.0023 2.3176e-3 1.0788e-5 -2.3203e-3
71.70 0.0023 2.2885e-3 1.0508e-5 -2.2912e-3
71.80 0.0023 2.2599e-3 1.0235e-5 -2.2624e-3
71.90 0.0022 2.2316e-3 9.9693e-6 -2.2341e-3
72.00 0.0022 2.2036e-3 9.7106e-6 -2.2061e-3
72.10 0.0022 2.1761e-3 9.4587e-6 -2.1784e-3
72.20 0.0022 2.1488e-3 9.2133e-6 -2.1511e-3
72.30 0.0021 2.1219e-3 8.9745e-6 -2.1242e-3
72.40 0.0021 2.0954e-3 8.7418e-6 -2.0976e-3
72.50 0.0021 2.0692e-3 8.5153e-6 -2.0713e-3
72.60 0.0020 2.0433e-3 8.2947e-6 -2.0453e-3
72.70 0.0020 2.0177e-3 8.0799e-6 -2.0197e-3
72.80 0.0020 1.9925e-3 7.8707e-6 -1.9944e-3
72.90 0.0020 1.9675e-3 7.6670e-6 -1.9694e-3
73.00 0.0019 1.9429e-3 7.4686e-6 -1.9448e-3
73.10 0.0019 1.9186e-3 7.2753e-6 -1.9204e-3
73.20 0.0019 1.8946e-3 7.0872e-6 -1.8964e-3
73.30 0.0019 1.8709e-3 6.9039e-6 -1.8726e-3
73.40 0.0019 1.8475e-3 6.7255e-6 -1.8492e-3
73.50 0.0018 1.8244e-3 6.5517e-6 -1.8260e-3
73.60 0.0018 1.8016e-3 6.3824e-6 -1.8032e-3
73.70 0.0018 1.7791e-3 6.2175e-6 -1.7806e-3
73.80 0.0018 1.7569e-3 6.0570e-6 -1.7584e-3
73.90 0.0017 1.7349e-3 5.9006e-6 -1.7364e-3
74.00 0.0017 1.7132e-3 5.7483e-6 -1.7146e-3
74.10 0.0017 1.6918e-3 5.6000e-6 -1.6932e-3
74.20 0.0017 1.6707e-3 5.4556e-6 -1.6720e-3
74.30 0.0017 1.6498e-3 5.3149e-6 -1.6511e-3
74.40 0.0016 1.6292e-3 5.1778e-6 -1.6305e-3
74.50 0.0016 1.6089e-3 5.0444e-6 -1.6101e-3
74.60 0.0016 1.5888e-3 4.9144e-6 -1.5900e-3
74.70 0.0016 1.5689e-3 4.7878e-6 -1.5701e-3
74.80 0.0016 1.5493e-3 4.6645e-6 -1.5505e-3
74.90 0.0015 1.5300e-3 4.5444e-6 -1.5311e-3
75.00 0.0015 1.5109e-3 4.4274e-6 -1.5119e-3
75.10 0.0015 1.4920e-3 4.3134e-6 -1.4931e-3
75.20 0.0015 1.4734e-3 4.2025e-6 -1.4744e-3
75.30 0.0015 1.4550e-3 4.0944e-6 -1.4560e-3
75.40 0.0014 1.4368e-3 3.9891e-6 -1.4378e-3
75.50 0.0014 1.4189e-3 3.8865e-6 -1.4198e-3
75.60 0.0014 1.4012e-3 3.7866e-6 -1.4021e-3
75.70 0.0014 1.3837e-3 3.6893e-6 -1.3846e-3
75.80 0.0014 1.3665e-3 3.5945e-6 -1.3673e-3
75.90 0.0014 1.3494e-3 3.5022e-6 -1.3503e-3
76.00 0.0013 1.3326e-3 3.4122e-6 -1.3334e-3
76.10 0.0013 1.3160e-3 3.3246e-6 -1.3168e-3
76.20 0.0013 1.2996e-3 3.2393e-6 -1.3003e-3
76.30 0.0013 1.2834e-3 3.1562e-6 -1.2841e-3
76.40 0.0013 1.2674e-3 3.0752e-6 -1.2681e-3
76.50 0.0013 1.2516e-3 2.9963e-6 -1.2523e-3
76.60 0.0012 1.2360e-3 2.9195e-6 -1.2366e-3
76.70 0.0012 1.2205e-3 2.8447e-6 -1.2212e-3
76.80 0.0012 1.2053e-3 2.7717e-6 -1.2060e-3
76.90 0.0012 1.1903e-3 2.7007e-6 -1.1910e-3
77.00 0.0012 1.1755e-3 2.6315e-6 -1.1761e-3
77.10 0.0012 1.1608e-3 2.5641e-6 -1.1614e-3
77.20 0.0011 1.1464e-3 2.4985e-6 -1.1470e-3
77.30 0.0011 1.1321e-3 2.4345e-6 -1.1327e-3
77.40 0.0011 1.1180e-3 2.3722e-6 -1.1186e-3
77.50 0.0011 1.1041e-3 2.3115e-6 -1.1046e-3
77.60 0.0011 1.0903e-3 2.2524e-6 -1.0909e-3
77.70 0.0011 1.0767e-3 2.1948e-6 -1.0773e-3
77.80 0.0011 1.0633e-3 2.1386e-6 -1.0638e-3
77.90 0.0011 1.0501e-3 2.0840e-6 -1.0506e-3
78.00 0.0010 1.0370e-3 2.0307e-6 -1.0375e-3
78.10 0.0010 1.0241e-3 1.9788e-6 -1.0246e-3
78.20 0.0010 1.0114e-3 1.9282e-6 -1.0118e-3
78.30 0.0010 9.9880e-4 1.8790e-6 -9.9924e-4
78.40 0.0010 9.8637e-4 1.8310e-6 -9.8680e-4
78.50 0.0010 9.7410e-4 1.7843e-6 -9.7452e-4
78.60 0.0010 9.6198e-4 1.7387e-6 -9.6239e-4
78.70 0.0010 9.5001e-4 1.6943e-6 -9.5041e-4
78.80 0.0009 9.3820e-4 1.6511e-6 -9.3858e-4
78.90 0.0009 9.2653e-4 1.6090e-6 -9.2691e-4
79.00 0.0009 9.1501e-4 1.5680e-6 -9.1538e-4
79.10 0.0009 9.0363e-4 1.5280e-6 -9.0399e-4
79.20 0.0009 8.9240e-4 1.4890e-6 -8.9275e-4
79.30 0.0009 8.8131e-4 1.4511e-6 -8.8164e-4
79.40 0.0009 8.7035e-4 1.4141e-6 -8.7068e-4
79.50 0.0009 8.5953e-4 1.3781e-6 -8.5985e-4
79.60 0.0008 8.4885e-4 1.3430e-6 -8.4916e-4
79.70 0.0008 8.3830e-4 1.3088e-6 -8.3861e-4
79.80 0.0008 8.2789e-4 1.2754e-6 -8.2818e-4
79.90 0.0008 8.1760e-4 1.2430e-6 -8.1789e-4
