# R/Å F/kT U/kT C/R <exp(-u/kT)-1>
23.00 247.5596 2.3426e2 0.0000e0 -1.0000e0
23.10 205.2017 1.9190e2 -9.1712e-12 -1.0000e0
23.20 170.5817 1.5728e2 0.0000e0 -1.0000e0
23.30 142.2072 1.2890e2 0.0000e0 -1.0000e0
23.40 118.8991 1.0560e2 0.0000e0 -1.0000e0
23.50 99.7189 8.6415e1 2.2928e-12 -1.0000e0
23.60 83.9122 7.0608e1 -5.7320e-13 -1.0000e0
23.70 70.8719 5.7568e1 5.7320e-13 -1.0000e0
23.80 60.1057 4.6802e1 6.9171e-9 -1.0000e0
23.90 51.2117 3.7908e1 2.4982e-5 -1.0000e0
24.00 43.8620 3.0559e1 6.4643e-3 -1.0000e0
24.10 37.7794 2.4524e1 1.9316e-1 -1.0000e0
24.20 32.5448 1.9771e1 4.7501e-1 -1.0000e0
24.30 27.2845 1.4786e1 5.9465e-1 -1.0000e0
24.40 22.4037 9.8021e0 9.6312e-1 -1.0000e0
24.50 18.4518 5.9151e0 8.3185e-1 -1.0000e0
24.60 15.3596 2.9298e0 6.5575e-1 -1.0000e0
24.70 12.9714 6.3987e-1 5.3717e-1 -1.0000e0
24.80 11.1459 -1.0921e0 5.0021e-1 -9.9999e-1
24.90 9.7591 -2.3643e0 5.4124e-1 -9.9994e-1
25.00 8.6972 -3.2665e0 5.6815e-1 -9.9983e-1
25.10 7.8626 -3.9188e0 4.9459e-1 -9.9962e-1
25.20 7.1885 -4.4440e0 4.5512e-1 -9.9924e-1
25.30 6.6415 -4.8822e0 6.1980e-1 -9.9869e-1
25.40 6.2019 -5.2019e0 9.2820e-1 -9.9797e-1
25.50 5.8451 -5.3855e0 1.1899e0 -9.9711e-1
25.60 5.5435 -5.4629e0 1.3175e0 -9.9609e-1
25.70 5.2728 -5.4741e0 1.3977e0 -9.9487e-1
25.80 5.0071 -5.4415e0 1.4519e0 -9.9331e-1
25.90 4.7111 -5.4388e0 1.4041e0 -9.9101e-1
26.00 4.3611 -5.6022e0 1.5240e0 -9.8724e-1
26.10 3.9771 -5.9470e0 2.0483e0 -9.8126e-1
26.20 3.6066 -6.3335e0 2.6878e0 -9.7286e-1
26.30 3.2854 -6.6408e0 3.1637e0 -9.6257e-1
26.40 3.0266 -6.8290e0 3.4399e0 -9.5152e-1
26.50 2.8298 -6.8991e0 3.5664e0 -9.4098e-1
26.60 2.6869 -6.8642e0 3.5867e0 -9.3191e-1
26.70 2.5825 -6.7451e0 3.5144e0 -9.2441e-1
26.80 2.4957 -6.5811e0 3.3596e0 -9.1756e-1
26.90 2.4075 -6.4288e0 3.2113e0 -9.0996e-1
27.00 2.3103 -6.3276e0 3.2012e0 -9.0076e-1
27.10 2.2082 -6.2674e0 3.3454e0 -8.9010e-1
27.20 2.1090 -6.2093e0 3.5236e0 -8.7865e-1
27.30 2.0160 -6.1279e0 3.6139e0 -8.6681e-1
27.40 1.9273 -6.0247e0 3.5986e0 -8.5447e-1
27.50 1.8412 -5.9096e0 3.5205e0 -8.4137e-1
27.60 1.7568 -5.7870e0 3.3935e0 -8.2741e-1
27.70 1.6742 -5.6606e0 3.2114e0 -8.1255e-1
27.80 1.5936 -5.5370e0 2.9922e0 -7.9681e-1
27.90 1.5157 -5.4217e0 2.7728e0 -7.8035e-1
28.00 1.4414 -5.3165e0 2.5889e0 -7.6340e-1
28.10 1.3704 -5.2205e0 2.4537e0 -7.4600e-1
28.20 1.3011 -5.1348e0 2.3576e0 -7.2777e-1
28.30 1.2309 -5.0666e0 2.3031e0 -7.0798e-1
28.40 1.1589 -5.0221e0 2.3163e0 -6.8618e-1
28.50 1.0866 -4.9976e0 2.4065e0 -6.6265e-1
28.60 1.0166 -4.9810e0 2.5451e0 -6.3817e-1
28.70 0.9507 -4.9608e0 2.6902e0 -6.1353e-1
28.80 0.8897 -4.9312e0 2.8121e0 -5.8921e-1
28.90 0.8339 -4.8900e0 2.8962e0 -5.6564e-1
29.00 0.7837 -4.8360e0 2.9355e0 -5.4328e-1
29.10 0.7390 -4.7693e0 2.9264e0 -5.2241e-1
29.20 0.6988 -4.6934e0 2.8766e0 -5.0280e-1
29.30 0.6615 -4.6145e0 2.8070e0 -4.8394e-1
29.40 0.6260 -4.5382e0 2.7380e0 -4.6527e-1
29.50 0.5916 -4.4678e0 2.6786e0 -4.4654e-1
29.60 0.5584 -4.4041e0 2.6329e0 -4.2790e-1
29.70 0.5273 -4.3464e0 2.6028e0 -4.0979e-1
29.80 0.4987 -4.2928e0 2.5900e0 -3.9270e-1
29.90 0.4731 -4.2413e0 2.5945e0 -3.7692e-1
30.00 0.4502 -4.1901e0 2.6109e0 -3.6248e-1
30.10 0.4296 -4.1378e0 2.6270e0 -3.4921e-1
30.20 0.4107 -4.0836e0 2.6316e0 -3.3684e-1
30.30 0.3932 -4.0271e0 2.6190e0 -3.2511e-1
30.40 0.3764 -3.9688e0 2.5880e0 -3.1365e-1
30.50 0.3593 -3.9112e0 2.5451e0 -3.0184e-1
30.60 0.3409 -3.8594e0 2.5074e0 -2.8889e-1
30.70 0.3206 -3.8179e0 2.4970e0 -2.7429e-1
30.80 0.2986 -3.7876e0 2.5254e0 -2.5815e-1
30.90 0.2760 -3.7653e0 2.5851e0 -2.4117e-1
31.00 0.2539 -3.7454e0 2.6581e0 -2.2420e-1
31.10 0.2331 -3.7225e0 2.7267e0 -2.0794e-1
31.20 0.2141 -3.6925e0 2.7731e0 -1.9276e-1
31.30 0.1966 -3.6539e0 2.7816e0 -1.7850e-1
31.40 0.1798 -3.6089e0 2.7490e0 -1.6455e-1
31.50 0.1628 -3.5625e0 2.6911e0 -1.5022e-1
31.60 0.1452 -3.5193e0 2.6322e0 -1.3517e-1
31.70 0.1273 -3.4804e0 2.5869e0 -1.1957e-1
31.80 0.1096 -3.4443e0 2.5540e0 -1.0382e-1
31.90 0.0923 -3.4092e0 2.5263e0 -8.8192e-2
32.00 0.0756 -3.3746e0 2.4998e0 -7.2776e-2
32.10 0.0594 -3.3400e0 2.4733e0 -5.7665e-2
32.20 0.0439 -3.3050e0 2.4458e0 -4.2927e-2
32.30 0.0290 -3.2694e0 2.4164e0 -2.8559e-2
32.40 0.0146 -3.2336e0 2.3860e0 -1.4479e-2
32.50 0.0007 -3.1983e0 2.3565e0 -6.9436e-4
32.60 -0.0125 -3.1632e0 2.3295e0 1.2594e-2
32.70 -0.0248 -3.1274e0 2.3035e0 2.5092e-2
32.80 -0.0360 -3.0901e0 2.2760e0 3.6674e-2
32.90 -0.0464 -3.0512e0 2.2458e0 4.7491e-2
33.00 -0.0563 -3.0116e0 2.2154e0 5.7928e-2
33.10 -0.0662 -2.9730e0 2.1902e0 6.8399e-2
33.20 -0.0762 -2.9362e0 2.1742e0 7.9169e-2
33.30 -0.0865 -2.9012e0 2.1652e0 9.0372e-2
33.40 -0.0973 -2.8680e0 2.1576e0 1.0219e-1
33.50 -0.1087 -2.8371e0 2.1493e0 1.1488e-1
33.60 -0.1209 -2.8095e0 2.1440e0 1.2855e-1
33.70 -0.1336 -2.7851e0 2.1443e0 1.4299e-1
33.80 -0.1465 -2.7622e0 2.1462e0 1.5773e-1
33.90 -0.1589 -2.7391e0 2.1427e0 1.7228e-1
34.00 -0.1708 -2.7147e0 2.1298e0 1.8629e-1
34.10 -0.1820 -2.6889e0 2.1088e0 1.9963e-1
34.20 -0.1925 -2.6622e0 2.0837e0 2.1230e-1
34.30 -0.2024 -2.6353e0 2.0585e0 2.2434e-1
34.40 -0.2117 -2.6086e0 2.0359e0 2.3583e-1
34.50 -0.2206 -2.5827e0 2.0187e0 2.4686e-1
34.60 -0.2290 -2.5573e0 2.0079e0 2.5733e-1
34.70 -0.2367 -2.5315e0 1.9999e0 2.6704e-1
34.80 -0.2436 -2.5041e0 1.9874e0 2.7589e-1
34.90 -0.2500 -2.4749e0 1.9655e0 2.8404e-1
35.00 -0.2561 -2.4450e0 1.9360e0 2.9192e-1
35.10 -0.2623 -2.4161e0 1.9048e0 2.9990e-1
35.20 -0.2686 -2.3891e0 1.8779e0 3.0817e-1
35.30 -0.2752 -2.3643e0 1.8578e0 3.1675e-1
35.40 -0.2819 -2.3416e0 1.8446e0 3.2558e-1
35.50 -0.2887 -2.3207e0 1.8377e0 3.3472e-1
35.60 -0.2959 -2.3016e0 1.8362e0 3.4430e-1
35.70 -0.3034 -2.2845e0 1.8399e0 3.5442e-1
35.80 -0.3111 -2.2694e0 1.8499e0 3.6498e-1
35.90 -0.3189 -2.2559e0 1.8662e0 3.7564e-1
36.00 -0.3263 -2.2424e0 1.8847e0 3.8589e-1
36.10 -0.3331 -2.2274e0 1.8981e0 3.9526e-1
36.20 -0.3389 -2.2099e0 1.9007e0 4.0346e-1
36.30 -0.3439 -2.1897e0 1.8914e0 4.1040e-1
36.40 -0.3480 -2.1672e0 1.8723e0 4.1618e-1
36.50 -0.3514 -2.1431e0 1.8474e0 4.2112e-1
36.60 -0.3546 -2.1185e0 1.8210e0 4.2560e-1
36.70 -0.3577 -2.0944e0 1.7966e0 4.2998e-1
36.80 -0.3608 -2.0712e0 1.7761e0 4.3455e-1
36.90 -0.3643 -2.0494e0 1.7600e0 4.3949e-1
37.00 -0.3681 -2.0293e0 1.7477e0 4.4492e-1
37.10 -0.3722 -2.0109e0 1.7391e0 4.5086e-1
37.20 -0.3765 -1.9942e0 1.7347e0 4.5717e-1
37.30 -0.3809 -1.9788e0 1.7345e0 4.6353e-1
37.40 -0.3850 -1.9637e0 1.7362e0 4.6955e-1
37.50 -0.3886 -1.9477e0 1.7358e0 4.7498e-1
37.60 -0.3919 -1.9305e0 1.7305e0 4.7984e-1
37.70 -0.3950 -1.9126e0 1.7213e0 4.8436e-1
37.80 -0.3979 -1.8949e0 1.7111e0 4.8876e-1
37.90 -0.4009 -1.8776e0 1.7023e0 4.9314e-1
38.00 -0.4038 -1.8609e0 1.6955e0 4.9746e-1
38.10 -0.4066 -1.8444e0 1.6898e0 5.0164e-1
38.20 -0.4092 -1.8279e0 1.6841e0 5.0557e-1
38.30 -0.4115 -1.8110e0 1.6764e0 5.0913e-1
38.40 -0.4136 -1.7934e0 1.6657e0 5.1224e-1
38.50 -0.4153 -1.7753e0 1.6519e0 5.1486e-1
38.60 -0.4168 -1.7567e0 1.6364e0 5.1704e-1
38.70 -0.4179 -1.7381e0 1.6208e0 5.1883e-1
38.80 -0.4189 -1.7194e0 1.6059e0 5.2029e-1
38.90 -0.4197 -1.7009e0 1.5918e0 5.2148e-1
39.00 -0.4203 -1.6826e0 1.5786e0 5.2243e-1
39.10 -0.4208 -1.6644e0 1.5668e0 5.2312e-1
39.20 -0.4210 -1.6462e0 1.5560e0 5.2348e-1
39.30 -0.4210 -1.6276e0 1.5448e0 5.2347e-1
39.40 -0.4207 -1.6085e0 1.5316e0 5.2310e-1
39.50 -0.4203 -1.5887e0 1.5154e0 5.2242e-1
39.60 -0.4197 -1.5685e0 1.4964e0 5.2152e-1
39.70 -0.4190 -1.5481e0 1.4755e0 5.2051e-1
39.80 -0.4184 -1.5280e0 1.4546e0 5.1950e-1
39.90 -0.4177 -1.5085e0 1.4350e0 5.1853e-1
40.00 -0.4171 -1.4898e0 1.4175e0 5.1760e-1
40.10 -0.4165 -1.4716e0 1.4022e0 5.1665e-1
40.20 -0.4158 -1.4539e0 1.3888e0 5.1555e-1
40.30 -0.4149 -1.4363e0 1.3763e0 5.1420e-1
40.40 -0.4138 -1.4184e0 1.3633e0 5.1254e-1
40.50 -0.4125 -1.4000e0 1.3486e0 5.1059e-1
40.60 -0.4111 -1.3813e0 1.3321e0 5.0849e-1
40.70 -0.4097 -1.3628e0 1.3145e0 5.0637e-1
40.80 -0.4084 -1.3448e0 1.2977e0 5.0437e-1
40.90 -0.4071 -1.3276e0 1.2830e0 5.0249e-1
41.00 -0.4059 -1.3113e0 1.2708e0 5.0069e-1
41.10 -0.4047 -1.2958e0 1.2612e0 4.9889e-1
41.20 -0.4035 -1.2809e0 1.2544e0 4.9703e-1
41.30 -0.4021 -1.2668e0 1.2512e0 4.9502e-1
41.40 -0.4006 -1.2530e0 1.2509e0 4.9275e-1
41.50 -0.3988 -1.2390e0 1.2511e0 4.9011e-1
41.60 -0.3968 -1.2243e0 1.2489e0 4.8708e-1
41.70 -0.3945 -1.2091e0 1.2431e0 4.8371e-1
41.80 -0.3921 -1.1935e0 1.2345e0 4.8007e-1
41.90 -0.3895 -1.1778e0 1.2250e0 4.7621e-1
42.00 -0.3867 -1.1621e0 1.2158e0 4.7214e-1
42.10 -0.3838 -1.1463e0 1.2069e0 4.6791e-1
42.20 -0.3809 -1.1306e0 1.1977e0 4.6363e-1
42.30 -0.3780 -1.1151e0 1.1884e0 4.5936e-1
42.40 -0.3751 -1.1001e0 1.1797e0 4.5515e-1
42.50 -0.3722 -1.0854e0 1.1720e0 4.5095e-1
42.60 -0.3693 -1.0709e0 1.1648e0 4.4671e-1
42.70 -0.3663 -1.0565e0 1.1571e0 4.4238e-1
42.80 -0.3632 -1.0418e0 1.1479e0 4.3791e-1
42.90 -0.3600 -1.0268e0 1.1367e0 4.3327e-1
43.00 -0.3566 -1.0115e0 1.1234e0 4.2845e-1
43.10 -0.3531 -9.9592e-1 1.1081e0 4.2353e-1
43.20 -0.3497 -9.8034e-1 1.0918e0 4.1859e-1
43.30 -0.3462 -9.6516e-1 1.0765e0 4.1373e-1
43.40 -0.3429 -9.5059e-1 1.0634e0 4.0898e-1
43.50 -0.3396 -9.3662e-1 1.0530e0 4.0433e-1
43.60 -0.3362 -9.2302e-1 1.0442e0 3.9968e-1
43.70 -0.3329 -9.0950e-1 1.0356e0 3.9496e-1
43.80 -0.3294 -8.9582e-1 1.0258e0 3.9011e-1
43.90 -0.3258 -8.8184e-1 1.0144e0 3.8507e-1
44.00 -0.3220 -8.6747e-1 1.0012e0 3.7983e-1
44.10 -0.3180 -8.5264e-1 9.8620e-1 3.7440e-1
44.20 -0.3139 -8.3737e-1 9.6952e-1 3.6882e-1
44.30 -0.3098 -8.2178e-1 9.5121e-1 3.6316e-1
44.40 -0.3056 -8.0605e-1 9.3166e-1 3.5749e-1
44.50 -0.3015 -7.9037e-1 9.1154e-1 3.5187e-1
44.60 -0.2974 -7.7488e-1 8.9139e-1 3.4634e-1
44.70 -0.2933 -7.5967e-1 8.7162e-1 3.4090e-1
44.80 -0.2894 -7.4480e-1 8.5253e-1 3.3557e-1
44.90 -0.2854 -7.3035e-1 8.3448e-1 3.3036e-1
45.00 -0.2816 -7.1637e-1 8.1787e-1 3.2528e-1
45.10 -0.2779 -7.0290e-1 8.0288e-1 3.2033e-1
45.20 -0.2742 -6.8992e-1 7.8944e-1 3.1554e-1
45.30 -0.2707 -6.7746e-1 7.7741e-1 3.1093e-1
45.40 -0.2674 -6.6557e-1 7.6674e-1 3.0651e-1
45.50 -0.2641 -6.5428e-1 7.5754e-1 3.0229e-1
45.60 -0.2610 -6.4358e-1 7.4985e-1 2.9822e-1
45.70 -0.2579 -6.3336e-1 7.4349e-1 2.9424e-1
45.80 -0.2549 -6.2346e-1 7.3800e-1 2.9029e-1
45.90 -0.2518 -6.1373e-1 7.3286e-1 2.8630e-1
46.00 -0.2486 -6.0406e-1 7.2781e-1 2.8222e-1
46.10 -0.2453 -5.9432e-1 7.2252e-1 2.7801e-1
46.20 -0.2419 -5.8438e-1 7.1652e-1 2.7360e-1
46.30 -0.2382 -5.7410e-1 7.0925e-1 2.6899e-1
46.40 -0.2344 -5.6344e-1 7.0042e-1 2.6417e-1
46.50 -0.2304 -5.5238e-1 6.9001e-1 2.5915e-1
46.60 -0.2263 -5.4099e-1 6.7818e-1 2.5401e-1
46.70 -0.2222 -5.2942e-1 6.6526e-1 2.4881e-1
46.80 -0.2180 -5.1784e-1 6.5175e-1 2.4362e-1
46.90 -0.2139 -5.0641e-1 6.3823e-1 2.3847e-1
47.00 -0.2098 -4.9523e-1 6.2520e-1 2.3339e-1
47.10 -0.2057 -4.8426e-1 6.1274e-1 2.2836e-1
47.20 -0.2016 -4.7339e-1 6.0056e-1 2.2335e-1
47.30 -0.1975 -4.6252e-1 5.8819e-1 2.1834e-1
47.40 -0.1934 -4.5162e-1 5.7536e-1 2.1336e-1
47.50 -0.1893 -4.4078e-1 5.6214e-1 2.0844e-1
47.60 -0.1853 -4.3012e-1 5.4899e-1 2.0363e-1
47.70 -0.1815 -4.1978e-1 5.3639e-1 1.9897e-1
47.80 -0.1777 -4.0981e-1 5.2468e-1 1.9447e-1
47.90 -0.1740 -4.0018e-1 5.1378e-1 1.9010e-1
48.00 -0.1705 -3.9079e-1 5.0329e-1 1.8584e-1
48.10 -0.1669 -3.8154e-1 4.9276e-1 1.8169e-1
48.20 -0.1635 -3.7241e-1 4.8202e-1 1.7762e-1
48.30 -0.1601 -3.6342e-1 4.7113e-1 1.7363e-1
48.40 -0.1568 -3.5457e-1 4.6026e-1 1.6970e-1
48.50 -0.1534 -3.4582e-1 4.4940e-1 1.6580e-1
48.60 -0.1500 -3.3710e-1 4.3841e-1 1.6189e-1
48.70 -0.1466 -3.2833e-1 4.2710e-1 1.5794e-1
48.80 -0.1432 -3.1949e-1 4.1536e-1 1.5394e-1
48.90 -0.1397 -3.1055e-1 4.0320e-1 1.4989e-1
49.00 -0.1361 -3.0155e-1 3.9073e-1 1.4580e-1
49.10 -0.1325 -2.9254e-1 3.7815e-1 1.4171e-1
49.20 -0.1289 -2.8358e-1 3.6565e-1 1.3763e-1
49.30 -0.1254 -2.7471e-1 3.5330e-1 1.3358e-1
49.40 -0.1219 -2.6598e-1 3.4106e-1 1.2960e-1
49.50 -0.1184 -2.5743e-1 3.2898e-1 1.2567e-1
49.60 -0.1150 -2.4911e-1 3.1719e-1 1.2182e-1
49.70 -0.1116 -2.4102e-1 3.0583e-1 1.1805e-1
49.80 -0.1083 -2.3319e-1 2.9504e-1 1.1434e-1
49.90 -0.1050 -2.2558e-1 2.8484e-1 1.1070e-1
50.00 -0.1018 -2.1817e-1 2.7512e-1 1.0712e-1
50.10 -0.0986 -2.1089e-1 2.6569e-1 1.0359e-1
50.20 -0.0954 -2.0375e-1 2.5640e-1 1.0012e-1
50.30 -0.0923 -1.9676e-1 2.4727e-1 9.6719e-2
50.40 -0.0893 -1.8994e-1 2.3838e-1 9.3391e-2
50.50 -0.0863 -1.8330e-1 2.2984e-1 9.0141e-2
50.60 -0.0834 -1.7683e-1 2.2165e-1 8.6972e-2
50.70 -0.0806 -1.7054e-1 2.1373e-1 8.3889e-2
50.80 -0.0778 -1.6441e-1 2.0604e-1 8.0899e-2
50.90 -0.0751 -1.5848e-1 1.9859e-1 7.8009e-2
51.00 -0.0725 -1.5276e-1 1.9145e-1 7.5223e-2
51.10 -0.0700 -1.4725e-1 1.8469e-1 7.2538e-2
51.20 -0.0676 -1.4196e-1 1.7830e-1 6.9948e-2
51.30 -0.0653 -1.3683e-1 1.7218e-1 6.7446e-2
51.40 -0.0630 -1.3188e-1 1.6627e-1 6.5029e-2
51.50 -0.0608 -1.2707e-1 1.6054e-1 6.2693e-2
51.60 -0.0587 -1.2243e-1 1.5500e-1 6.0435e-2
51.70 -0.0566 -1.1793e-1 1.4967e-1 5.8248e-2
51.80 -0.0546 -1.1355e-1 1.4448e-1 5.6125e-2
51.90 -0.0526 -1.0925e-1 1.3933e-1 5.4059e-2
52.00 -0.0507 -1.0503e-1 1.3413e-1 5.2045e-2
52.10 -0.0489 -1.0087e-1 1.2885e-1 5.0080e-2
52.20 -0.0470 -9.6780e-2 1.2347e-1 4.8158e-2
52.30 -0.0452 -9.2751e-2 1.1802e-1 4.6270e-2
52.40 -0.0435 -8.8788e-2 1.1255e-1 4.4413e-2
52.50 -0.0417 -8.4892e-2 1.0712e-1 4.2581e-2
52.60 -0.0400 -8.1063e-2 1.0178e-1 4.0769e-2
52.70 -0.0382 -7.7295e-2 9.6542e-2 3.8973e-2
52.80 -0.0365 -7.3577e-2 9.1408e-2 3.7189e-2
52.90 -0.0348 -6.9907e-2 8.6360e-2 3.5419e-2
53.00 -0.0331 -6.6291e-2 8.1399e-2 3.3670e-2
53.10 -0.0315 -6.2753e-2 7.6557e-2 3.1950e-2
53.20 -0.0298 -5.9321e-2 7.1894e-2 3.0270e-2
53.30 -0.0282 -5.6020e-2 6.7468e-2 2.8635e-2
53.40 -0.0267 -5.2866e-2 6.3316e-2 2.7045e-2
53.50 -0.0252 -4.9862e-2 5.9469e-2 2.5498e-2
53.60 -0.0237 -4.6994e-2 5.5931e-2 2.3985e-2
53.70 -0.0222 -4.4237e-2 5.2661e-2 2.2498e-2
53.80 -0.0208 -4.1560e-2 4.9587e-2 2.1033e-2
53.90 -0.0194 -3.8946e-2 4.6643e-2 1.9586e-2
54.00 -0.0180 -3.6386e-2 4.3794e-2 1.8162e-2
54.10 -0.0166 -3.3876e-2 4.1021e-2 1.6765e-2
54.20 -0.0153 -3.1420e-2 3.8313e-2 1.5404e-2
54.30 -0.0140 -2.9034e-2 3.5673e-2 1.4087e-2
54.40 -0.0127 -2.6739e-2 3.3124e-2 1.2827e-2
54.50 -0.0116 -2.4554e-2 3.0702e-2 1.1627e-2
54.60 -0.0104 -2.2491e-2 2.8435e-2 1.0490e-2
54.70 -0.0094 -2.0547e-2 2.6329e-2 9.4126e-3
54.80 -0.0084 -1.8720e-2 2.4380e-2 8.3928e-3
54.90 -0.0074 -1.7002e-2 2.2579e-2 7.4272e-3
55.00 -0.0065 -1.5388e-2 2.0919e-2 6.5127e-3
55.10 -0.0056 -1.3870e-2 1.9393e-2 5.6462e-3
55.20 -0.0048 -1.2442e-2 1.7994e-2 4.8246e-3
55.30 -0.0040 -1.1094e-2 1.6708e-2 4.0456e-3
55.40 -0.0033 -9.8204e-3 1.5509e-2 3.3083e-3
55.50 -0.0026 -8.6221e-3 1.4382e-2 2.6117e-3
55.60 -0.0020 -7.5005e-3 1.3327e-2 1.9531e-3
55.70 -0.0013 -6.4523e-3 1.2353e-2 1.3272e-3
55.80 -0.0007 -5.4680e-3 1.1459e-2 7.2790e-4
55.90 -0.0001 -4.5363e-3 1.0629e-2 1.4975e-4
56.00 0.0004 -3.6477e-3 9.8466e-3 -4.1147e-4
56.10 0.0010 -2.7950e-3 9.1046e-3 -9.5878e-4
56.20 0.0015 -1.9726e-3 8.3988e-3 -1.4935e-3
56.30 0.0020 -1.1774e-3 7.7253e-3 -2.0155e-3
56.40 0.0025 -4.0894e-4 7.0813e-3 -2.5230e-3
56.50 0.0030 3.3086e-4 6.4658e-3 -3.0140e-3
56.60 0.0035 1.0388e-3 5.8808e-3 -3.4862e-3
56.70 0.0039 1.7117e-3 5.3297e-3 -3.9376e-3
56.80 0.0044 2.3471e-3 4.8160e-3 -4.3669e-3
56.90 0.0048 2.9431e-3 4.3421e-3 -4.7730e-3
57.00 0.0052 3.4993e-3 3.9088e-3 -5.1556e-3
57.10 0.0055 4.0162e-3 3.5159e-3 -5.5146e-3
57.20 0.0059 4.4949e-3 3.1618e-3 -5.8503e-3
57.30 0.0062 4.9370e-3 2.8439e-3 -6.1630e-3
57.40 0.0065 5.3443e-3 2.5591e-3 -6.4534e-3
57.50 0.0067 5.7186e-3 2.3044e-3 -6.7219e-3
57.60 0.0070 6.0613e-3 2.0767e-3 -6.9691e-3
57.70 0.0072 6.3742e-3 1.8734e-3 -7.1958e-3
57.80 0.0074 6.6589e-3 1.6920e-3 -7.4028e-3
57.90 0.0076 6.9170e-3 1.5304e-3 -7.5909e-3
58.00 0.0078 7.1501e-3 1.3864e-3 -7.7610e-3
58.10 0.0079 7.3596e-3 1.2584e-3 -7.9141e-3
58.20 0.0081 7.5472e-3 1.1445e-3 -8.0510e-3
58.30 0.0082 7.7142e-3 1.0434e-3 -8.1726e-3
58.40 0.0083 7.8623e-3 9.5347e-4 -8.2800e-3
58.50 0.0084 7.9927e-3 8.7347e-4 -8.3739e-3
58.60 0.0085 8.1068e-3 8.0221e-4 -8.4553e-3
58.70 0.0086 8.2059e-3 7.3866e-4 -8.5250e-3
58.80 0.0086 8.2911e-3 6.8189e-4 -8.5838e-3
58.90 0.0087 8.3634e-3 6.3110e-4 -8.6324e-3
59.00 0.0087 8.4239e-3 5.8558e-4 -8.6715e-3
59.10 0.0087 8.4734e-3 5.4472e-4 -8.7018e-3
59.20 0.0088 8.5128e-3 5.0796e-4 -8.7238e-3
59.30 0.0088 8.5429e-3 4.7483e-4 -8.7382e-3
59.40 0.0088 8.5643e-3 4.4492e-4 -8.7454e-3
59.50 0.0088 8.5777e-3 4.1785e-4 -8.7459e-3
59.60 0.0088 8.5837e-3 3.9331e-4 -8.7402e-3
59.70 0.0088 8.5828e-3 3.7101e-4 -8.7288e-3
59.80 0.0088 8.5757e-3 3.5070e-4 -8.7121e-3
59.90 0.0087 8.5627e-3 3.3217e-4 -8.6903e-3
60.00 0.0087 8.5444e-3 3.1521e-4 -8.6640e-3
60.10 0.0087 8.5211e-3 2.9967e-4 -8.6334e-3
60.20 0.0086 8.4931e-3 2.8538e-4 -8.5988e-3
60.30 0.0086 8.4610e-3 2.7223e-4 -8.5606e-3
60.40 0.0086 8.4250e-3 2.6008e-4 -8.5189e-3
60.50 0.0085 8.3853e-3 2.4884e-4 -8.4741e-3
60.60 0.0085 8.3424e-3 2.3841e-4 -8.4265e-3
60.70 0.0084 8.2964e-3 2.2872e-4 -8.3761e-3
60.80 0.0084 8.2476e-3 2.1970e-4 -8.3233e-3
60.90 0.0083 8.1963e-3 2.1126e-4 -8.2682e-3
61.00 0.0082 8.1426e-3 2.0337e-4 -8.2111e-3
61.10 0.0082 8.0868e-3 1.9597e-4 -8.1521e-3
61.20 0.0081 8.0291e-3 1.8902e-4 -8.0914e-3
61.30 0.0081 7.9696e-3 1.8246e-4 -8.0291e-3
61.40 0.0080 7.9084e-3 1.7628e-4 -7.9654e-3
61.50 0.0079 7.8459e-3 1.7043e-4 -7.9004e-3
61.60 0.0079 7.7820e-3 1.6489e-4 -7.8343e-3
61.70 0.0078 7.7169e-3 1.5963e-4 -7.7671e-3
61.80 0.0077 7.6508e-3 1.5462e-4 -7.6990e-3
61.90 0.0077 7.5837e-3 1.4986e-4 -7.6300e-3
62.00 0.0076 7.5158e-3 1.4531e-4 -7.5604e-3
62.10 0.0075 7.4472e-3 1.4096e-4 -7.4901e-3
62.20 0.0074 7.3780e-3 1.3680e-4 -7.4193e-3
62.30 0.0074 7.3082e-3 1.3282e-4 -7.3481e-3
62.40 0.0073 7.2380e-3 1.2899e-4 -7.2765e-3
62.50 0.0072 7.1674e-3 1.2531e-4 -7.2045e-3
62.60 0.0072 7.0965e-3 1.2178e-4 -7.1324e-3
62.70 0.0071 7.0254e-3 1.1837e-4 -7.0601e-3
62.80 0.0070 6.9541e-3 1.1509e-4 -6.9876e-3
62.90 0.0069 6.8827e-3 1.1192e-4 -6.9151e-3
63.00 0.0069 6.8113e-3 1.0886e-4 -6.8427e-3
63.10 0.0068 6.7399e-3 1.0590e-4 -6.7703e-3
63.20 0.0067 6.6685e-3 1.0304e-4 -6.6979e-3
63.30 0.0066 6.5973e-3 1.0027e-4 -6.6258e-3
63.40 0.0066 6.5262e-3 9.7592e-5 -6.5538e-3
63.50 0.0065 6.4553e-3 9.4993e-5 -6.4820e-3
63.60 0.0064 6.3846e-3 9.2472e-5 -6.4105e-3
63.70 0.0064 6.3142e-3 9.0026e-5 -6.3393e-3
63.80 0.0063 6.2440e-3 8.7652e-5 -6.2685e-3
63.90 0.0062 6.1742e-3 8.5347e-5 -6.1979e-3
64.00 0.0061 6.1048e-3 8.3107e-5 -6.1278e-3
64.10 0.0061 6.0357e-3 8.0931e-5 -6.0580e-3
64.20 0.0060 5.9670e-3 7.8816e-5 -5.9887e-3
64.30 0.0059 5.8988e-3 7.6759e-5 -5.9198e-3
64.40 0.0059 5.8310e-3 7.4759e-5 -5.8514e-3
64.50 0.0058 5.7636e-3 7.2812e-5 -5.7835e-3
64.60 0.0057 5.6968e-3 7.0919e-5 -5.7161e-3
64.70 0.0057 5.6304e-3 6.9076e-5 -5.6492e-3
64.80 0.0056 5.5646e-3 6.7282e-5 -5.5828e-3
64.90 0.0055 5.4992e-3 6.5535e-5 -5.5170e-3
65.00 0.0055 5.4345e-3 6.3835e-5 -5.4517e-3
65.10 0.0054 5.3702e-3 6.2180e-5 -5.3869e-3
65.20 0.0053 5.3065e-3 6.0567e-5 -5.3228e-3
65.30 0.0053 5.2434e-3 5.8997e-5 -5.2592e-3
65.40 0.0052 5.1809e-3 5.7468e-5 -5.1962e-3
65.50 0.0051 5.1189e-3 5.5978e-5 -5.1338e-3
65.60 0.0051 5.0575e-3 5.4527e-5 -5.0720e-3
65.70 0.0050 4.9967e-3 5.3114e-5 -5.0108e-3
65.80 0.0050 4.9365e-3 5.1737e-5 -4.9503e-3
65.90 0.0049 4.8769e-3 5.0396e-5 -4.8903e-3
66.00 0.0048 4.8179e-3 4.9089e-5 -4.8309e-3
66.10 0.0048 4.7595e-3 4.7816e-5 -4.7721e-3
66.20 0.0047 4.7017e-3 4.6576e-5 -4.7140e-3
66.30 0.0047 4.6445e-3 4.5368e-5 -4.6565e-3
66.40 0.0046 4.5879e-3 4.4191e-5 -4.5995e-3
66.50 0.0046 4.5319e-3 4.3045e-5 -4.5432e-3
66.60 0.0045 4.4765e-3 4.1928e-5 -4.4875e-3
66.70 0.0044 4.4218e-3 4.0840e-5 -4.4324e-3
66.80 0.0044 4.3676e-3 3.9780e-5 -4.3779e-3
66.90 0.0043 4.3140e-3 3.8747e-5 -4.3241e-3
67.00 0.0043 4.2610e-3 3.7741e-5 -4.2708e-3
67.10 0.0042 4.2086e-3 3.6761e-5 -4.2181e-3
67.20 0.0042 4.1568e-3 3.5807e-5 -4.1661e-3
67.30 0.0041 4.1055e-3 3.4877e-5 -4.1146e-3
67.40 0.0041 4.0549e-3 3.3971e-5 -4.0637e-3
67.50 0.0040 4.0049e-3 3.3089e-5 -4.0134e-3
67.60 0.0040 3.9554e-3 3.2229e-5 -3.9637e-3
67.70 0.0039 3.9065e-3 3.1392e-5 -3.9146e-3
67.80 0.0039 3.8582e-3 3.0576e-5 -3.8660e-3
67.90 0.0038 3.8104e-3 2.9782e-5 -3.8181e-3
68.00 0.0038 3.7632e-3 2.9008e-5 -3.7707e-3
68.10 0.0037 3.7166e-3 2.8255e-5 -3.7238e-3
68.20 0.0037 3.6705e-3 2.7521e-5 -3.6775e-3
68.30 0.0036 3.6250e-3 2.6806e-5 -3.6318e-3
68.40 0.0036 3.5800e-3 2.6109e-5 -3.5866e-3
68.50 0.0035 3.5355e-3 2.5431e-5 -3.5420e-3
68.60 0.0035 3.4916e-3 2.4771e-5 -3.4979e-3
68.70 0.0035 3.4483e-3 2.4127e-5 -3.4544e-3
68.80 0.0034 3.4054e-3 2.3501e-5 -3.4114e-3
68.90 0.0034 3.3631e-3 2.2890e-5 -3.3689e-3
69.00 0.0033 3.3213e-3 2.2296e-5 -3.3269e-3
69.10 0.0033 3.2800e-3 2.1717e-5 -3.2854e-3
69.20 0.0032 3.2392e-3 2.1154e-5 -3.2445e-3
69.30 0.0032 3.1988e-3 2.0605e-5 -3.2040e-3
69.40 0.0032 3.1590e-3 2.0070e-5 -3.1641e-3
69.50 0.0031 3.1197e-3 1.9549e-5 -3.1246e-3
69.60 0.0031 3.0809e-3 1.9042e-5 -3.0857e-3
69.70 0.0031 3.0425e-3 1.8548e-5 -3.0472e-3
69.80 0.0030 3.0046e-3 1.8067e-5 -3.0092e-3
69.90 0.0030 2.9672e-3 1.7598e-5 -2.9716e-3
70.00 0.0029 2.9303e-3 1.7142e-5 -2.9346e-3
70.10 0.0029 2.8938e-3 1.6697e-5 -2.8979e-3
70.20 0.0029 2.8577e-3 1.6265e-5 -2.8618e-3
70.30 0.0028 2.8221e-3 1.5843e-5 -2.8261e-3
70.40 0.0028 2.7870e-3 1.5433e-5 -2.7908e-3
70.50 0.0028 2.7523e-3 1.5033e-5 -2.7560e-3
70.60 0.0027 2.7180e-3 1.4644e-5 -2.7216e-3
70.70 0.0027 2.6841e-3 1.4265e-5 -2.6877e-3
70.80 0.0027 2.6507e-3 1.3896e-5 -2.6541e-3
70.90 0.0026 2.6177e-3 1.3536e-5 -2.6210e-3
71.00 0.0026 2.5851e-3 1.3186e-5 -2.5883e-3
71.10 0.0026 2.5529e-3 1.2845e-5 -2.5561e-3
71.20 0.0025 2.5211e-3 1.2513e-5 -2.5242e-3
71.30 0.0025 2.4897e-3 1.2190e-5 -2.4927e-3
71.40 0.0025 2.4587e-3 1.1875e-5 -2.4616e-3
71.50 0.0024 2.4281e-3 1.1568e-5 -2.4309e-3
71.60 0.0024 2.3979e-3 1.1269e-5 -2.4006e-3
71.70 0.0024 2.3680e-3 1.0978e-5 -2.3707e-3
71.80 0.0023 2.3386e-3 1.0695e-5 -2.3412e-3
71.90 0.0023 2.3094e-3 1.0419e-5 -2.3120e-3
72.00 0.0023 2.2807e-3 1.0150e-5 -2.2832e-3
72.10 0.0023 2.2523e-3 9.8885e-6 -2.2547e-3
72.20 0.0022 2.2243e-3 9.6336e-6 -2.2266e-3
72.30 0.0022 2.1966e-3 9.3854e-6 -2.1989e-3
72.40 0.0022 2.1693e-3 9.1435e-6 -2.1715e-3
72.50 0.0021 2.1423e-3 8.9080e-6 -2.1445e-3
72.60 0.0021 2.1157e-3 8.6787e-6 -2.1178e-3
72.70 0.0021 2.0893e-3 8.4552e-6 -2.0914e-3
72.80 0.0021 2.0634e-3 8.2376e-6 -2.0654e-3
72.90 0.0020 2.0377e-3 8.0257e-6 -2.0396e-3
73.00 0.0020 2.0124e-3 7.8193e-6 -2.0143e-3
73.10 0.0020 1.9873e-3 7.6182e-6 -1.9892e-3
73.20 0.0020 1.9626e-3 7.4223e-6 -1.9644e-3
73.30 0.0019 1.9382e-3 7.2316e-6 -1.9400e-3
73.40 0.0019 1.9142e-3 7.0458e-6 -1.9158e-3
73.50 0.0019 1.8904e-3 6.8648e-6 -1.8920e-3
73.60 0.0019 1.8669e-3 6.6885e-6 -1.8685e-3
73.70 0.0018 1.8437e-3 6.5168e-6 -1.8452e-3
73.80 0.0018 1.8208e-3 6.3495e-6 -1.8223e-3
73.90 0.0018 1.7981e-3 6.1866e-6 -1.7996e-3
74.00 0.0018 1.7758e-3 6.0279e-6 -1.7772e-3
74.10 0.0018 1.7537e-3 5.8733e-6 -1.7551e-3
74.20 0.0017 1.7320e-3 5.7227e-6 -1.7333e-3
74.30 0.0017 1.7105e-3 5.5760e-6 -1.7118e-3
74.40 0.0017 1.6892e-3 5.4331e-6 -1.6905e-3
74.50 0.0017 1.6682e-3 5.2939e-6 -1.6695e-3
74.60 0.0017 1.6475e-3 5.1583e-6 -1.6488e-3
74.70 0.0016 1.6271e-3 5.0262e-6 -1.6283e-3
74.80 0.0016 1.6069e-3 4.8975e-6 -1.6080e-3
74.90 0.0016 1.5869e-3 4.7722e-6 -1.5881e-3
75.00 0.0016 1.5672e-3 4.6501e-6 -1.5683e-3
75.10 0.0016 1.5478e-3 4.5311e-6 -1.5489e-3
75.20 0.0015 1.5286e-3 4.4152e-6 -1.5296e-3
75.30 0.0015 1.5096e-3 4.3023e-6 -1.5106e-3
75.40 0.0015 1.4909e-3 4.1923e-6 -1.4919e-3
75.50 0.0015 1.4724e-3 4.0852e-6 -1.4734e-3
75.60 0.0015 1.4541e-3 3.9808e-6 -1.4551e-3
75.70 0.0014 1.4361e-3 3.8791e-6 -1.4370e-3
75.80 0.0014 1.4183e-3 3.7801e-6 -1.4192e-3
75.90 0.0014 1.4007e-3 3.6836e-6 -1.4016e-3
76.00 0.0014 1.3833e-3 3.5895e-6 -1.3842e-3
76.10 0.0014 1.3662e-3 3.4979e-6 -1.3670e-3
76.20 0.0014 1.3493e-3 3.4087e-6 -1.3500e-3
76.30 0.0013 1.3325e-3 3.3217e-6 -1.3333e-3
76.40 0.0013 1.3160e-3 3.2370e-6 -1.3168e-3
76.50 0.0013 1.2997e-3 3.1545e-6 -1.3004e-3
76.60 0.0013 1.2836e-3 3.0741e-6 -1.2843e-3
76.70 0.0013 1.2677e-3 2.9958e-6 -1.2684e-3
76.80 0.0013 1.2520e-3 2.9194e-6 -1.2527e-3
76.90 0.0012 1.2365e-3 2.8451e-6 -1.2371e-3
77.00 0.0012 1.2212e-3 2.7726e-6 -1.2218e-3
77.10 0.0012 1.2060e-3 2.7020e-6 -1.2067e-3
77.20 0.0012 1.1911e-3 2.6333e-6 -1.1917e-3
77.30 0.0012 1.1764e-3 2.5663e-6 -1.1770e-3
77.40 0.0012 1.1618e-3 2.5010e-6 -1.1624e-3
77.50 0.0011 1.1474e-3 2.4373e-6 -1.1480e-3
77.60 0.0011 1.1332e-3 2.3754e-6 -1.1338e-3
77.70 0.0011 1.1192e-3 2.3150e-6 -1.1197e-3
77.80 0.0011 1.1053e-3 2.2561e-6 -1.1059e-3
77.90 0.0011 1.0917e-3 2.1988e-6 -1.0922e-3
78.00 0.0011 1.0782e-3 2.1429e-6 -1.0786e-3
78.10 0.0011 1.0648e-3 2.0885e-6 -1.0653e-3
78.20 0.0011 1.0516e-3 2.0355e-6 -1.0521e-3
78.30 0.0010 1.0386e-3 1.9838e-6 -1.0391e-3
78.40 0.0010 1.0258e-3 1.9334e-6 -1.0262e-3
78.50 0.0010 1.0131e-3 1.8844e-6 -1.0135e-3
78.60 0.0010 1.0006e-3 1.8365e-6 -1.0010e-3
78.70 0.0010 9.8820e-4 1.7900e-6 -9.8861e-4
78.80 0.0010 9.7598e-4 1.7446e-6 -9.7638e-4
78.90 0.0010 9.6392e-4 1.7003e-6 -9.6430e-4
79.00 0.0010 9.5200e-4 1.6572e-6 -9.5238e-4
79.10 0.0009 9.4024e-4 1.6152e-6 -9.4060e-4
79.20 0.0009 9.2862e-4 1.5743e-6 -9.2897e-4
79.30 0.0009 9.1714e-4 1.5344e-6 -9.1749e-4
79.40 0.0009 9.0581e-4 1.4955e-6 -9.0615e-4
79.50 0.0009 8.9462e-4 1.4577e-6 -8.9495e-4
79.60 0.0009 8.8357e-4 1.4208e-6 -8.8389e-4
79.70 0.0009 8.7266e-4 1.3848e-6 -8.7297e-4
79.80 0.0009 8.6188e-4 1.3497e-6 -8.6218e-4
79.90 0.0009 8.5123e-4 1.3156e-6 -8.5153e-4
