# R/Å F/kT U/kT C/R <exp(-u/kT)-1>
23.00 244.3727 2.3107e2 0.0000e0 -1.0000e0
23.10 202.5660 1.8926e2 0.0000e0 -1.0000e0
23.20 168.4011 1.5510e2 0.0000e0 -1.0000e0
23.30 140.4032 1.2710e2 -2.2190e-12 -1.0000e0
23.40 117.4077 1.0410e2 0.0000e0 -1.0000e0
23.50 98.4871 8.5183e1 0.0000e0 -1.0000e0
23.60 82.8964 6.9593e1 0.0000e0 -1.0000e0
23.70 70.0360 5.6732e1 0.0000e0 -1.0000e0
23.80 59.4197 4.6116e1 1.0660e-8 -1.0000e0
23.90 50.6507 3.7347e1 3.2814e-5 -1.0000e0
24.00 43.4051 3.0102e1 7.5374e-3 -1.0000e0
24.10 37.4086 2.4157e1 2.0488e-1 -1.0000e0
24.20 32.2379 1.9473e1 4.5364e-1 -1.0000e0
24.30 27.0474 1.4534e1 5.9153e-1 -1.0000e0
24.40 22.2488 9.6310e0 9.7515e-1 -1.0000e0
24.50 18.3628 5.8121e0 8.5820e-1 -1.0000e0
24.60 15.3197 2.8806e0 6.8313e-1 -1.0000e0
24.70 12.9673 6.3156e-1 5.5975e-1 -1.0000e0
24.80 11.1673 -1.0704e0 5.1842e-1 -9.9999e-1
24.90 9.7981 -2.3207e0 5.5513e-1 -9.9994e-1
25.00 8.7476 -3.2085e0 5.7492e-1 -9.9984e-1
25.10 7.9206 -3.8532e0 4.9821e-1 -9.9964e-1
25.20 7.2524 -4.3731e0 4.6363e-1 -9.9929e-1
25.30 6.7107 -4.8039e0 6.3121e-1 -9.9878e-1
25.40 6.2749 -5.1150e0 9.3346e-1 -9.9812e-1
25.50 5.9201 -5.2925e0 1.1834e0 -9.9732e-1
25.60 5.6189 -5.3681e0 1.3039e0 -9.9637e-1
25.70 5.3475 -5.3800e0 1.3849e0 -9.9524e-1
25.80 5.0806 -5.3496e0 1.4396e0 -9.9378e-1
25.90 4.7839 -5.3502e0 1.3959e0 -9.9164e-1
26.00 4.4352 -5.5128e0 1.5208e0 -9.8815e-1
26.10 4.0549 -5.8485e0 2.0344e0 -9.8266e-1
26.20 3.6888 -6.2230e0 2.6562e0 -9.7500e-1
26.30 3.3710 -6.5207e0 3.1200e0 -9.6564e-1
26.40 3.1142 -6.7033e0 3.3902e0 -9.5559e-1
26.50 2.9182 -6.7712e0 3.5140e0 -9.4597e-1
26.60 2.7747 -6.7366e0 3.5325e0 -9.3763e-1
26.70 2.6687 -6.6200e0 3.4591e0 -9.3065e-1
26.80 2.5794 -6.4608e0 3.3063e0 -9.2418e-1
26.90 2.4888 -6.3145e0 3.1652e0 -9.1699e-1
27.00 2.3896 -6.2178e0 3.1620e0 -9.0833e-1
27.10 2.2863 -6.1593e0 3.3062e0 -8.9836e-1
27.20 2.1862 -6.1014e0 3.4787e0 -8.8765e-1
27.30 2.0920 -6.0204e0 3.5632e0 -8.7656e-1
27.40 2.0022 -5.9185e0 3.5458e0 -8.6496e-1
27.50 1.9147 -5.8052e0 3.4674e0 -8.5261e-1
27.60 1.8290 -5.6849e0 3.3408e0 -8.3942e-1
27.70 1.7450 -5.5612e0 3.1604e0 -8.2536e-1
27.80 1.6631 -5.4406e0 2.9451e0 -8.1045e-1
27.90 1.5841 -5.3281e0 2.7310e0 -7.9486e-1
28.00 1.5086 -5.2254e0 2.5525e0 -7.7879e-1
28.10 1.4367 -5.1313e0 2.4209e0 -7.6229e-1
28.20 1.3665 -5.0472e0 2.3268e0 -7.4499e-1
28.30 1.2955 -4.9800e0 2.2732e0 -7.2625e-1
28.40 1.2230 -4.9357e0 2.2855e0 -7.0565e-1
28.50 1.1503 -4.9105e0 2.3721e0 -6.8345e-1
28.60 1.0799 -4.8927e0 2.5047e0 -6.6037e-1
28.70 1.0135 -4.8715e0 2.6433e0 -6.3707e-1
28.80 0.9519 -4.8414e0 2.7596e0 -6.1400e-1
28.90 0.8954 -4.8004e0 2.8397e0 -5.9156e-1
29.00 0.8444 -4.7472e0 2.8771e0 -5.7018e-1
29.10 0.7988 -4.6817e0 2.8679e0 -5.5011e-1
29.20 0.7575 -4.6073e0 2.8193e0 -5.3118e-1
29.30 0.7193 -4.5301e0 2.7514e0 -5.1289e-1
29.40 0.6827 -4.4555e0 2.6838e0 -4.9476e-1
29.50 0.6473 -4.3866e0 2.6253e0 -4.7657e-1
29.60 0.6134 -4.3243e0 2.5800e0 -4.5847e-1
29.70 0.5814 -4.2677e0 2.5501e0 -4.4089e-1
29.80 0.5521 -4.2149e0 2.5368e0 -4.2428e-1
29.90 0.5258 -4.1640e0 2.5397e0 -4.0891e-1
30.00 0.5022 -4.1132e0 2.5534e0 -3.9481e-1
30.10 0.4809 -4.0613e0 2.5665e0 -3.8178e-1
30.20 0.4614 -4.0076e0 2.5689e0 -3.6957e-1
30.30 0.4431 -3.9519e0 2.5556e0 -3.5793e-1
30.40 0.4254 -3.8946e0 2.5254e0 -3.4652e-1
30.50 0.4076 -3.8382e0 2.4846e0 -3.3476e-1
30.60 0.3885 -3.7875e0 2.4492e0 -3.2193e-1
30.70 0.3676 -3.7466e0 2.4398e0 -3.0761e-1
30.80 0.3452 -3.7162e0 2.4664e0 -2.9193e-1
30.90 0.3223 -3.6932e0 2.5216e0 -2.7551e-1
31.00 0.2999 -3.6722e0 2.5886e0 -2.5914e-1
31.10 0.2790 -3.6483e0 2.6506e0 -2.4343e-1
31.20 0.2596 -3.6177e0 2.6913e0 -2.2866e-1
31.30 0.2416 -3.5791e0 2.6962e0 -2.1467e-1
31.40 0.2242 -3.5348e0 2.6634e0 -2.0088e-1
31.50 0.2066 -3.4896e0 2.6083e0 -1.8667e-1
31.60 0.1885 -3.4478e0 2.5535e0 -1.7177e-1
31.70 0.1700 -3.4101e0 2.5121e0 -1.5636e-1
31.80 0.1518 -3.3750e0 2.4824e0 -1.4083e-1
31.90 0.1340 -3.3409e0 2.4574e0 -1.2541e-1
32.00 0.1168 -3.3072e0 2.4333e0 -1.1020e-1
32.10 0.1001 -3.2734e0 2.4089e0 -9.5287e-2
32.20 0.0842 -3.2391e0 2.3831e0 -8.0724e-2
32.30 0.0688 -3.2042e0 2.3551e0 -6.6507e-2
32.40 0.0540 -3.1692e0 2.3257e0 -5.2559e-2
32.50 0.0397 -3.1345e0 2.2972e0 -3.8888e-2
32.60 0.0260 -3.1001e0 2.2709e0 -2.5685e-2
32.70 0.0133 -3.0650e0 2.2457e0 -1.3226e-2
32.80 0.0016 -3.0284e0 2.2189e0 -1.6197e-3
32.90 -0.0092 -2.9903e0 2.1895e0 9.2802e-3
33.00 -0.0196 -2.9515e0 2.1597e0 1.9832e-2
33.10 -0.0300 -2.9136e0 2.1347e0 3.0412e-2
33.20 -0.0404 -2.8773e0 2.1179e0 4.1261e-2
33.30 -0.0512 -2.8428e0 2.1073e0 5.2507e-2
33.40 -0.0623 -2.8099e0 2.0978e0 6.4330e-2
33.50 -0.0741 -2.7793e0 2.0881e0 7.6963e-2
33.60 -0.0867 -2.7520e0 2.0817e0 9.0517e-2
33.70 -0.0997 -2.7278e0 2.0811e0 1.0479e-1
33.80 -0.1127 -2.7051e0 2.0822e0 1.1933e-1
33.90 -0.1255 -2.6822e0 2.0784e0 1.3369e-1
34.00 -0.1376 -2.6580e0 2.0659e0 1.4754e-1
34.10 -0.1491 -2.6326e0 2.0456e0 1.6077e-1
34.20 -0.1599 -2.6064e0 2.0216e0 1.7336e-1
34.30 -0.1700 -2.5799e0 1.9972e0 1.8536e-1
34.40 -0.1797 -2.5537e0 1.9754e0 1.9683e-1
34.50 -0.1888 -2.5280e0 1.9585e0 2.0785e-1
34.60 -0.1975 -2.5030e0 1.9474e0 2.1834e-1
34.70 -0.2055 -2.4775e0 1.9388e0 2.2810e-1
34.80 -0.2127 -2.4504e0 1.9259e0 2.3705e-1
34.90 -0.2194 -2.4218e0 1.9044e0 2.4538e-1
35.00 -0.2259 -2.3925e0 1.8760e0 2.5346e-1
35.10 -0.2324 -2.3642e0 1.8463e0 2.6163e-1
35.20 -0.2391 -2.3379e0 1.8207e0 2.7005e-1
35.30 -0.2459 -2.3136e0 1.8016e0 2.7875e-1
35.40 -0.2528 -2.2913e0 1.7891e0 2.8766e-1
35.50 -0.2599 -2.2706e0 1.7824e0 2.9685e-1
35.60 -0.2673 -2.2517e0 1.7807e0 3.0643e-1
35.70 -0.2750 -2.2346e0 1.7839e0 3.1650e-1
35.80 -0.2829 -2.2195e0 1.7928e0 3.2696e-1
35.90 -0.2908 -2.2058e0 1.8075e0 3.3749e-1
36.00 -0.2983 -2.1921e0 1.8239e0 3.4763e-1
36.10 -0.3052 -2.1770e0 1.8354e0 3.5694e-1
36.20 -0.3113 -2.1595e0 1.8369e0 3.6517e-1
36.30 -0.3164 -2.1396e0 1.8275e0 3.7222e-1
36.40 -0.3208 -2.1176e0 1.8093e0 3.7821e-1
36.50 -0.3245 -2.0941e0 1.7857e0 3.8340e-1
36.60 -0.3280 -2.0701e0 1.7608e0 3.8816e-1
36.70 -0.3313 -2.0464e0 1.7378e0 3.9282e-1
36.80 -0.3348 -2.0238e0 1.7183e0 3.9765e-1
36.90 -0.3385 -2.0025e0 1.7029e0 4.0282e-1
37.00 -0.3425 -1.9826e0 1.6910e0 4.0845e-1
37.10 -0.3468 -1.9645e0 1.6825e0 4.1454e-1
37.20 -0.3513 -1.9481e0 1.6782e0 4.2097e-1
37.30 -0.3559 -1.9329e0 1.6778e0 4.2743e-1
37.40 -0.3602 -1.9179e0 1.6793e0 4.3356e-1
37.50 -0.3640 -1.9021e0 1.6787e0 4.3913e-1
37.60 -0.3675 -1.8852e0 1.6735e0 4.4418e-1
37.70 -0.3708 -1.8677e0 1.6647e0 4.4890e-1
37.80 -0.3740 -1.8502e0 1.6550e0 4.5351e-1
37.90 -0.3771 -1.8333e0 1.6466e0 4.5808e-1
38.00 -0.3802 -1.8168e0 1.6399e0 4.6260e-1
38.10 -0.3832 -1.8007e0 1.6343e0 4.6698e-1
38.20 -0.3860 -1.7844e0 1.6286e0 4.7112e-1
38.30 -0.3886 -1.7678e0 1.6211e0 4.7490e-1
38.40 -0.3909 -1.7506e0 1.6107e0 4.7826e-1
38.50 -0.3928 -1.7329e0 1.5975e0 4.8116e-1
38.60 -0.3945 -1.7148e0 1.5827e0 4.8363e-1
38.70 -0.3959 -1.6965e0 1.5679e0 4.8572e-1
38.80 -0.3971 -1.6783e0 1.5538e0 4.8749e-1
38.90 -0.3981 -1.6602e0 1.5402e0 4.8899e-1
39.00 -0.3990 -1.6423e0 1.5276e0 4.9026e-1
39.10 -0.3996 -1.6245e0 1.5162e0 4.9126e-1
39.20 -0.4001 -1.6066e0 1.5057e0 4.9194e-1
39.30 -0.4003 -1.5884e0 1.4948e0 4.9226e-1
39.40 -0.4003 -1.5696e0 1.4819e0 4.9223e-1
39.50 -0.4001 -1.5502e0 1.4661e0 4.9192e-1
39.60 -0.3997 -1.5305e0 1.4477e0 4.9140e-1
39.70 -0.3993 -1.5106e0 1.4276e0 4.9078e-1
39.80 -0.3989 -1.4910e0 1.4074e0 4.9014e-1
39.90 -0.3985 -1.4720e0 1.3885e0 4.8954e-1
40.00 -0.3981 -1.4536e0 1.3716e0 4.8897e-1
40.10 -0.3977 -1.4359e0 1.3568e0 4.8836e-1
40.20 -0.3972 -1.4185e0 1.3437e0 4.8760e-1
40.30 -0.3965 -1.4013e0 1.3315e0 4.8659e-1
40.40 -0.3956 -1.3837e0 1.3187e0 4.8528e-1
40.50 -0.3945 -1.3657e0 1.3044e0 4.8370e-1
40.60 -0.3934 -1.3475e0 1.2883e0 4.8198e-1
40.70 -0.3922 -1.3293e0 1.2713e0 4.8024e-1
40.80 -0.3911 -1.3118e0 1.2550e0 4.7859e-1
40.90 -0.3901 -1.2950e0 1.2407e0 4.7706e-1
41.00 -0.3891 -1.2790e0 1.2289e0 4.7559e-1
41.10 -0.3880 -1.2638e0 1.2195e0 4.7410e-1
41.20 -0.3870 -1.2492e0 1.2126e0 4.7254e-1
41.30 -0.3858 -1.2353e0 1.2091e0 4.7083e-1
41.40 -0.3845 -1.2216e0 1.2083e0 4.6884e-1
41.50 -0.3829 -1.2078e0 1.2078e0 4.6650e-1
41.60 -0.3810 -1.1933e0 1.2051e0 4.6378e-1
41.70 -0.3789 -1.1783e0 1.1990e0 4.6073e-1
41.80 -0.3767 -1.1630e0 1.1904e0 4.5744e-1
41.90 -0.3743 -1.1476e0 1.1810e0 4.5391e-1
42.00 -0.3717 -1.1322e0 1.1720e0 4.5019e-1
42.10 -0.3690 -1.1167e0 1.1631e0 4.4631e-1
42.20 -0.3663 -1.1013e0 1.1540e0 4.4237e-1
42.30 -0.3636 -1.0861e0 1.1448e0 4.3844e-1
42.40 -0.3609 -1.0714e0 1.1363e0 4.3456e-1
42.50 -0.3582 -1.0570e0 1.1287e0 4.3069e-1
42.60 -0.3554 -1.0428e0 1.1216e0 4.2677e-1
42.70 -0.3526 -1.0286e0 1.1139e0 4.2276e-1
42.80 -0.3497 -1.0143e0 1.1049e0 4.1862e-1
42.90 -0.3466 -9.9961e-1 1.0940e0 4.1430e-1
43.00 -0.3435 -9.8462e-1 1.0811e0 4.0982e-1
43.10 -0.3402 -9.6939e-1 1.0663e0 4.0522e-1
43.20 -0.3369 -9.5419e-1 1.0507e0 4.0062e-1
43.30 -0.3337 -9.3937e-1 1.0360e0 3.9609e-1
43.40 -0.3305 -9.2514e-1 1.0233e0 3.9166e-1
43.50 -0.3274 -9.1147e-1 1.0131e0 3.8730e-1
43.60 -0.3242 -8.9815e-1 1.0045e0 3.8295e-1
43.70 -0.3210 -8.8490e-1 9.9594e-1 3.7852e-1
43.80 -0.3177 -8.7152e-1 9.8632e-1 3.7396e-1
43.90 -0.3142 -8.5785e-1 9.7515e-1 3.6923e-1
44.00 -0.3106 -8.4381e-1 9.6234e-1 3.6430e-1
44.10 -0.3069 -8.2934e-1 9.4790e-1 3.5918e-1
44.20 -0.3030 -8.1446e-1 9.3181e-1 3.5392e-1
44.30 -0.2991 -7.9928e-1 9.1419e-1 3.4858e-1
44.40 -0.2951 -7.8397e-1 8.9541e-1 3.4324e-1
44.50 -0.2911 -7.6872e-1 8.7609e-1 3.3795e-1
44.60 -0.2872 -7.5367e-1 8.5678e-1 3.3273e-1
44.70 -0.2834 -7.3888e-1 8.3782e-1 3.2761e-1
44.80 -0.2796 -7.2443e-1 8.1951e-1 3.2258e-1
44.90 -0.2759 -7.1037e-1 8.0219e-1 3.1766e-1
45.00 -0.2722 -6.9677e-1 7.8622e-1 3.1286e-1
45.10 -0.2686 -6.8364e-1 7.7177e-1 3.0818e-1
45.20 -0.2652 -6.7099e-1 7.5875e-1 3.0365e-1
45.30 -0.2618 -6.5883e-1 7.4705e-1 2.9929e-1
45.40 -0.2586 -6.4721e-1 7.3664e-1 2.9511e-1
45.50 -0.2555 -6.3618e-1 7.2762e-1 2.9111e-1
45.60 -0.2525 -6.2571e-1 7.2003e-1 2.8725e-1
45.70 -0.2496 -6.1569e-1 7.1370e-1 2.8348e-1
45.80 -0.2466 -6.0599e-1 7.0818e-1 2.7972e-1
45.90 -0.2437 -5.9645e-1 7.0300e-1 2.7593e-1
46.00 -0.2406 -5.8697e-1 6.9790e-1 2.7204e-1
46.10 -0.2375 -5.7742e-1 6.9256e-1 2.6801e-1
46.20 -0.2341 -5.6767e-1 6.8652e-1 2.6381e-1
46.30 -0.2306 -5.5761e-1 6.7929e-1 2.5939e-1
46.40 -0.2270 -5.4717e-1 6.7062e-1 2.5477e-1
46.50 -0.2231 -5.3637e-1 6.6049e-1 2.4997e-1
46.60 -0.2192 -5.2527e-1 6.4906e-1 2.4505e-1
46.70 -0.2152 -5.1400e-1 6.3663e-1 2.4006e-1
46.80 -0.2111 -5.0273e-1 6.2365e-1 2.3509e-1
46.90 -0.2071 -4.9162e-1 6.1070e-1 2.3016e-1
47.00 -0.2032 -4.8075e-1 5.9822e-1 2.2530e-1
47.10 -0.1992 -4.7007e-1 5.8629e-1 2.2047e-1
47.20 -0.1953 -4.5950e-1 5.7461e-1 2.1566e-1
47.30 -0.1913 -4.4893e-1 5.6276e-1 2.1086e-1
47.40 -0.1874 -4.3834e-1 5.5047e-1 2.0608e-1
47.50 -0.1835 -4.2781e-1 5.3782e-1 2.0136e-1
47.60 -0.1796 -4.1745e-1 5.2522e-1 1.9675e-1
47.70 -0.1759 -4.0741e-1 5.1316e-1 1.9228e-1
47.80 -0.1722 -3.9772e-1 5.0191e-1 1.8795e-1
47.90 -0.1687 -3.8835e-1 4.9143e-1 1.8376e-1
48.00 -0.1652 -3.7921e-1 4.8134e-1 1.7967e-1
48.10 -0.1618 -3.7022e-1 4.7124e-1 1.7568e-1
48.20 -0.1585 -3.6135e-1 4.6094e-1 1.7178e-1
48.30 -0.1553 -3.5262e-1 4.5052e-1 1.6795e-1
48.40 -0.1520 -3.4403e-1 4.4011e-1 1.6418e-1
48.50 -0.1488 -3.3553e-1 4.2972e-1 1.6043e-1
48.60 -0.1455 -3.2706e-1 4.1920e-1 1.5666e-1
48.70 -0.1422 -3.1855e-1 4.0837e-1 1.5286e-1
48.80 -0.1389 -3.0997e-1 3.9714e-1 1.4901e-1
48.90 -0.1355 -3.0129e-1 3.8551e-1 1.4511e-1
49.00 -0.1321 -2.9256e-1 3.7359e-1 1.4117e-1
49.10 -0.1286 -2.8382e-1 3.6157e-1 1.3722e-1
49.20 -0.1251 -2.7512e-1 3.4961e-1 1.3329e-1
49.30 -0.1217 -2.6652e-1 3.3779e-1 1.2939e-1
49.40 -0.1183 -2.5805e-1 3.2607e-1 1.2555e-1
49.50 -0.1149 -2.4977e-1 3.1452e-1 1.2176e-1
49.60 -0.1116 -2.4169e-1 3.0324e-1 1.1805e-1
49.70 -0.1083 -2.3385e-1 2.9238e-1 1.1440e-1
49.80 -0.1051 -2.2625e-1 2.8207e-1 1.1082e-1
49.90 -0.1019 -2.1887e-1 2.7232e-1 1.0730e-1
50.00 -0.0988 -2.1167e-1 2.6303e-1 1.0383e-1
50.10 -0.0957 -2.0461e-1 2.5400e-1 1.0042e-1
50.20 -0.0926 -1.9768e-1 2.4512e-1 9.7062e-2
50.30 -0.0896 -1.9089e-1 2.3639e-1 9.3770e-2
50.40 -0.0867 -1.8427e-1 2.2791e-1 9.0549e-2
50.50 -0.0838 -1.7783e-1 2.1975e-1 8.7404e-2
50.60 -0.0810 -1.7156e-1 2.1191e-1 8.4336e-2
50.70 -0.0782 -1.6544e-1 2.0435e-1 8.1350e-2
50.80 -0.0755 -1.5950e-1 1.9700e-1 7.8455e-2
50.90 -0.0729 -1.5374e-1 1.8988e-1 7.5657e-2
51.00 -0.0704 -1.4819e-1 1.8306e-1 7.2959e-2
51.10 -0.0680 -1.4285e-1 1.7660e-1 7.0358e-2
51.20 -0.0656 -1.3770e-1 1.7048e-1 6.7849e-2
51.30 -0.0634 -1.3272e-1 1.6463e-1 6.5425e-2
51.40 -0.0612 -1.2791e-1 1.5897e-1 6.3083e-2
51.50 -0.0590 -1.2324e-1 1.5348e-1 6.0819e-2
51.60 -0.0570 -1.1873e-1 1.4818e-1 5.8631e-2
51.70 -0.0550 -1.1436e-1 1.4308e-1 5.6512e-2
51.80 -0.0530 -1.1011e-1 1.3811e-1 5.4455e-2
51.90 -0.0511 -1.0593e-1 1.3319e-1 5.2453e-2
52.00 -0.0493 -1.0183e-1 1.2822e-1 5.0502e-2
52.10 -0.0475 -9.7801e-2 1.2317e-1 4.8598e-2
52.20 -0.0457 -9.3832e-2 1.1804e-1 4.6736e-2
52.30 -0.0439 -8.9928e-2 1.1284e-1 4.4908e-2
52.40 -0.0422 -8.6088e-2 1.0763e-1 4.3109e-2
52.50 -0.0405 -8.2314e-2 1.0246e-1 4.1334e-2
52.60 -0.0388 -7.8604e-2 9.7379e-2 3.9577e-2
52.70 -0.0371 -7.4953e-2 9.2392e-2 3.7835e-2
52.80 -0.0355 -7.1350e-2 8.7500e-2 3.6104e-2
52.90 -0.0338 -6.7793e-2 8.2690e-2 3.4387e-2
53.00 -0.0322 -6.4289e-2 7.7959e-2 3.2690e-2
53.10 -0.0305 -6.0861e-2 7.3342e-2 3.1021e-2
53.20 -0.0290 -5.7536e-2 6.8895e-2 2.9390e-2
53.30 -0.0274 -5.4337e-2 6.4671e-2 2.7803e-2
53.40 -0.0259 -5.1279e-2 6.0709e-2 2.6259e-2
53.50 -0.0245 -4.8367e-2 5.7037e-2 2.4755e-2
53.60 -0.0230 -4.5585e-2 5.3658e-2 2.3283e-2
53.70 -0.0216 -4.2908e-2 5.0533e-2 2.1836e-2
53.80 -0.0202 -4.0309e-2 4.7594e-2 2.0409e-2
53.90 -0.0188 -3.7770e-2 4.4778e-2 1.9000e-2
54.00 -0.0175 -3.5282e-2 4.2051e-2 1.7613e-2
54.10 -0.0161 -3.2842e-2 3.9398e-2 1.6251e-2
54.20 -0.0148 -3.0455e-2 3.6806e-2 1.4924e-2
54.30 -0.0135 -2.8136e-2 3.4278e-2 1.3642e-2
54.40 -0.0123 -2.5905e-2 3.1837e-2 1.2413e-2
54.50 -0.0112 -2.3781e-2 2.9516e-2 1.1244e-2
54.60 -0.0101 -2.1775e-2 2.7343e-2 1.0136e-2
54.70 -0.0090 -1.9885e-2 2.5324e-2 9.0860e-3
54.80 -0.0081 -1.8107e-2 2.3454e-2 8.0918e-3
54.90 -0.0071 -1.6436e-2 2.1727e-2 7.1502e-3
55.00 -0.0062 -1.4865e-2 2.0133e-2 6.2582e-3
55.10 -0.0054 -1.3388e-2 1.8668e-2 5.4129e-3
55.20 -0.0046 -1.1997e-2 1.7325e-2 4.6112e-3
55.30 -0.0038 -1.0683e-2 1.6089e-2 3.8512e-3
55.40 -0.0031 -9.4430e-3 1.4937e-2 3.1318e-3
55.50 -0.0024 -8.2758e-3 1.3852e-2 2.4521e-3
55.60 -0.0018 -7.1834e-3 1.2837e-2 1.8094e-3
55.70 -0.0012 -6.1627e-3 1.1901e-2 1.1986e-3
55.80 -0.0006 -5.2042e-3 1.1041e-2 6.1357e-4
55.90 -0.0000 -4.2969e-3 1.0243e-2 4.8951e-5
56.00 0.0005 -3.4316e-3 9.4906e-3 -4.9933e-4
56.10 0.0010 -2.6011e-3 8.7776e-3 -1.0342e-3
56.20 0.0016 -1.8001e-3 8.0996e-3 -1.5569e-3
56.30 0.0021 -1.0254e-3 7.4527e-3 -2.0673e-3
56.40 0.0026 -2.7668e-4 6.8338e-3 -2.5636e-3
56.50 0.0030 4.4414e-4 6.2422e-3 -3.0438e-3
56.60 0.0035 1.1340e-3 5.6796e-3 -3.5056e-3
56.70 0.0040 1.7897e-3 5.1495e-3 -3.9471e-3
56.80 0.0044 2.4088e-3 4.6552e-3 -4.3670e-3
56.90 0.0048 2.9897e-3 4.1990e-3 -4.7643e-3
57.00 0.0052 3.5319e-3 3.7818e-3 -5.1385e-3
57.10 0.0055 4.0357e-3 3.4034e-3 -5.4898e-3
57.20 0.0058 4.5024e-3 3.0622e-3 -5.8183e-3
57.30 0.0061 4.9336e-3 2.7558e-3 -6.1243e-3
57.40 0.0064 5.3308e-3 2.4812e-3 -6.4084e-3
57.50 0.0067 5.6958e-3 2.2355e-3 -6.6710e-3
57.60 0.0069 6.0301e-3 2.0158e-3 -6.9129e-3
57.70 0.0072 6.3353e-3 1.8195e-3 -7.1346e-3
57.80 0.0074 6.6130e-3 1.6443e-3 -7.3370e-3
57.90 0.0075 6.8647e-3 1.4881e-3 -7.5209e-3
58.00 0.0077 7.0919e-3 1.3489e-3 -7.6872e-3
58.10 0.0079 7.2962e-3 1.2251e-3 -7.8367e-3
58.20 0.0080 7.4789e-3 1.1149e-3 -7.9703e-3
58.30 0.0081 7.6417e-3 1.0170e-3 -8.0890e-3
58.40 0.0082 7.7859e-3 9.2992e-4 -8.1937e-3
58.50 0.0083 7.9128e-3 8.5240e-4 -8.2852e-3
58.60 0.0084 8.0238e-3 7.8332e-4 -8.3644e-3
58.70 0.0085 8.1200e-3 7.2167e-4 -8.4321e-3
58.80 0.0085 8.2027e-3 6.6658e-4 -8.4891e-3
58.90 0.0086 8.2728e-3 6.1727e-4 -8.5361e-3
59.00 0.0086 8.3312e-3 5.7305e-4 -8.5738e-3
59.10 0.0086 8.3789e-3 5.3334e-4 -8.6028e-3
59.20 0.0087 8.4168e-3 4.9760e-4 -8.6237e-3
59.30 0.0087 8.4454e-3 4.6537e-4 -8.6371e-3
59.40 0.0087 8.4656e-3 4.3626e-4 -8.6434e-3
59.50 0.0087 8.4779e-3 4.0990e-4 -8.6432e-3
59.60 0.0087 8.4830e-3 3.8598e-4 -8.6369e-3
59.70 0.0087 8.4814e-3 3.6424e-4 -8.6250e-3
59.80 0.0086 8.4736e-3 3.4443e-4 -8.6078e-3
59.90 0.0086 8.4600e-3 3.2634e-4 -8.5857e-3
60.00 0.0086 8.4413e-3 3.0979e-4 -8.5592e-3
60.10 0.0086 8.4176e-3 2.9460e-4 -8.5284e-3
60.20 0.0085 8.3894e-3 2.8064e-4 -8.4937e-3
60.30 0.0085 8.3571e-3 2.6778e-4 -8.4554e-3
60.40 0.0084 8.3210e-3 2.5589e-4 -8.4138e-3
60.50 0.0084 8.2813e-3 2.4489e-4 -8.3691e-3
60.60 0.0084 8.2384e-3 2.3468e-4 -8.3215e-3
60.70 0.0083 8.1925e-3 2.2518e-4 -8.2714e-3
60.80 0.0083 8.1439e-3 2.1633e-4 -8.2188e-3
60.90 0.0082 8.0928e-3 2.0806e-4 -8.1640e-3
61.00 0.0081 8.0394e-3 2.0031e-4 -8.1072e-3
61.10 0.0081 7.9839e-3 1.9305e-4 -8.0486e-3
61.20 0.0080 7.9265e-3 1.8621e-4 -7.9882e-3
61.30 0.0080 7.8674e-3 1.7977e-4 -7.9264e-3
61.40 0.0079 7.8066e-3 1.7369e-4 -7.8631e-3
61.50 0.0078 7.7445e-3 1.6794e-4 -7.7986e-3
61.60 0.0078 7.6811e-3 1.6249e-4 -7.7330e-3
61.70 0.0077 7.6165e-3 1.5731e-4 -7.6663e-3
61.80 0.0076 7.5509e-3 1.5238e-4 -7.5988e-3
61.90 0.0076 7.4844e-3 1.4769e-4 -7.5304e-3
62.00 0.0075 7.4171e-3 1.4321e-4 -7.4614e-3
62.10 0.0074 7.3491e-3 1.3892e-4 -7.3917e-3
62.20 0.0073 7.2805e-3 1.3482e-4 -7.3215e-3
62.30 0.0073 7.2113e-3 1.3089e-4 -7.2509e-3
62.40 0.0072 7.1418e-3 1.2712e-4 -7.1800e-3
62.50 0.0071 7.0718e-3 1.2349e-4 -7.1087e-3
62.60 0.0071 7.0016e-3 1.2000e-4 -7.0372e-3
62.70 0.0070 6.9311e-3 1.1664e-4 -6.9656e-3
62.80 0.0069 6.8605e-3 1.1340e-4 -6.8939e-3
62.90 0.0068 6.7899e-3 1.1028e-4 -6.8221e-3
63.00 0.0068 6.7191e-3 1.0726e-4 -6.7503e-3
63.10 0.0067 6.6484e-3 1.0434e-4 -6.6786e-3
63.20 0.0066 6.5778e-3 1.0152e-4 -6.6070e-3
63.30 0.0066 6.5072e-3 9.8782e-5 -6.5356e-3
63.40 0.0065 6.4369e-3 9.6134e-5 -6.4643e-3
63.50 0.0064 6.3667e-3 9.3568e-5 -6.3933e-3
63.60 0.0063 6.2967e-3 9.1079e-5 -6.3226e-3
63.70 0.0063 6.2270e-3 8.8664e-5 -6.2521e-3
63.80 0.0062 6.1577e-3 8.6320e-5 -6.1820e-3
63.90 0.0061 6.0886e-3 8.4044e-5 -6.1122e-3
64.00 0.0061 6.0199e-3 8.1833e-5 -6.0428e-3
64.10 0.0060 5.9515e-3 7.9684e-5 -5.9738e-3
64.20 0.0059 5.8836e-3 7.7596e-5 -5.9052e-3
64.30 0.0059 5.8161e-3 7.5565e-5 -5.8370e-3
64.40 0.0058 5.7490e-3 7.3590e-5 -5.7694e-3
64.50 0.0057 5.6824e-3 7.1669e-5 -5.7022e-3
64.60 0.0057 5.6163e-3 6.9800e-5 -5.6355e-3
64.70 0.0056 5.5507e-3 6.7981e-5 -5.5693e-3
64.80 0.0055 5.4856e-3 6.6210e-5 -5.5037e-3
64.90 0.0055 5.4210e-3 6.4487e-5 -5.4386e-3
65.00 0.0054 5.3569e-3 6.2809e-5 -5.3740e-3
65.10 0.0053 5.2934e-3 6.1175e-5 -5.3100e-3
65.20 0.0053 5.2304e-3 5.9584e-5 -5.2466e-3
65.30 0.0052 5.1680e-3 5.8035e-5 -5.1837e-3
65.40 0.0051 5.1062e-3 5.6526e-5 -5.1214e-3
65.50 0.0051 5.0449e-3 5.5056e-5 -5.0598e-3
65.60 0.0050 4.9842e-3 5.3625e-5 -4.9987e-3
65.70 0.0050 4.9241e-3 5.2231e-5 -4.9382e-3
65.80 0.0049 4.8646e-3 5.0873e-5 -4.8783e-3
65.90 0.0048 4.8057e-3 4.9550e-5 -4.8190e-3
66.00 0.0048 4.7474e-3 4.8261e-5 -4.7603e-3
66.10 0.0047 4.6897e-3 4.7006e-5 -4.7022e-3
66.20 0.0047 4.6326e-3 4.5783e-5 -4.6448e-3
66.30 0.0046 4.5761e-3 4.4592e-5 -4.5879e-3
66.40 0.0045 4.5201e-3 4.3432e-5 -4.5317e-3
66.50 0.0045 4.4648e-3 4.2301e-5 -4.4760e-3
66.60 0.0044 4.4101e-3 4.1200e-5 -4.4210e-3
66.70 0.0044 4.3559e-3 4.0128e-5 -4.3665e-3
66.80 0.0043 4.3024e-3 3.9083e-5 -4.3127e-3
66.90 0.0043 4.2494e-3 3.8066e-5 -4.2595e-3
67.00 0.0042 4.1971e-3 3.7074e-5 -4.2068e-3
67.10 0.0042 4.1453e-3 3.6109e-5 -4.1548e-3
67.20 0.0041 4.0941e-3 3.5168e-5 -4.1034e-3
67.30 0.0041 4.0435e-3 3.4252e-5 -4.0525e-3
67.40 0.0040 3.9935e-3 3.3360e-5 -4.0022e-3
67.50 0.0040 3.9441e-3 3.2490e-5 -3.9526e-3
67.60 0.0039 3.8952e-3 3.1644e-5 -3.9035e-3
67.70 0.0039 3.8469e-3 3.0819e-5 -3.8549e-3
67.80 0.0038 3.7992e-3 3.0016e-5 -3.8070e-3
67.90 0.0038 3.7520e-3 2.9234e-5 -3.7596e-3
68.00 0.0037 3.7054e-3 2.8472e-5 -3.7128e-3
68.10 0.0037 3.6594e-3 2.7730e-5 -3.6665e-3
68.20 0.0036 3.6139e-3 2.7008e-5 -3.6208e-3
68.30 0.0036 3.5689e-3 2.6304e-5 -3.5757e-3
68.40 0.0035 3.5245e-3 2.5619e-5 -3.5311e-3
68.50 0.0035 3.4806e-3 2.4951e-5 -3.4870e-3
68.60 0.0034 3.4372e-3 2.4301e-5 -3.4435e-3
68.70 0.0034 3.3944e-3 2.3668e-5 -3.4005e-3
68.80 0.0034 3.3521e-3 2.3052e-5 -3.3580e-3
68.90 0.0033 3.3103e-3 2.2451e-5 -3.3161e-3
69.00 0.0033 3.2690e-3 2.1867e-5 -3.2746e-3
69.10 0.0032 3.2283e-3 2.1297e-5 -3.2337e-3
69.20 0.0032 3.1880e-3 2.0743e-5 -3.1933e-3
69.30 0.0032 3.1482e-3 2.0203e-5 -3.1534e-3
69.40 0.0031 3.1089e-3 1.9677e-5 -3.1139e-3
69.50 0.0031 3.0701e-3 1.9165e-5 -3.0750e-3
69.60 0.0030 3.0318e-3 1.8666e-5 -3.0365e-3
69.70 0.0030 2.9939e-3 1.8180e-5 -2.9985e-3
69.80 0.0030 2.9565e-3 1.7707e-5 -2.9610e-3
69.90 0.0029 2.9196e-3 1.7247e-5 -2.9240e-3
70.00 0.0029 2.8831e-3 1.6798e-5 -2.8874e-3
70.10 0.0029 2.8471e-3 1.6361e-5 -2.8512e-3
70.20 0.0028 2.8115e-3 1.5936e-5 -2.8156e-3
70.30 0.0028 2.7764e-3 1.5522e-5 -2.7803e-3
70.40 0.0027 2.7417e-3 1.5118e-5 -2.7456e-3
70.50 0.0027 2.7075e-3 1.4726e-5 -2.7112e-3
70.60 0.0027 2.6737e-3 1.4343e-5 -2.6773e-3
70.70 0.0026 2.6403e-3 1.3971e-5 -2.6438e-3
70.80 0.0026 2.6073e-3 1.3608e-5 -2.6107e-3
70.90 0.0026 2.5747e-3 1.3255e-5 -2.5780e-3
71.00 0.0025 2.5426e-3 1.2911e-5 -2.5458e-3
71.10 0.0025 2.5108e-3 1.2576e-5 -2.5139e-3
71.20 0.0025 2.4794e-3 1.2250e-5 -2.4825e-3
71.30 0.0025 2.4485e-3 1.1933e-5 -2.4515e-3
71.40 0.0024 2.4179e-3 1.1623e-5 -2.4208e-3
71.50 0.0024 2.3877e-3 1.1322e-5 -2.3905e-3
71.60 0.0024 2.3579e-3 1.1029e-5 -2.3606e-3
71.70 0.0023 2.3285e-3 1.0743e-5 -2.3311e-3
71.80 0.0023 2.2994e-3 1.0465e-5 -2.3020e-3
71.90 0.0023 2.2707e-3 1.0195e-5 -2.2732e-3
72.00 0.0022 2.2423e-3 9.9308e-6 -2.2448e-3
72.10 0.0022 2.2144e-3 9.6740e-6 -2.2168e-3
72.20 0.0022 2.1867e-3 9.4239e-6 -2.1891e-3
72.30 0.0022 2.1594e-3 9.1803e-6 -2.1617e-3
72.40 0.0021 2.1325e-3 8.9430e-6 -2.1347e-3
72.50 0.0021 2.1059e-3 8.7120e-6 -2.1080e-3
72.60 0.0021 2.0796e-3 8.4870e-6 -2.0817e-3
72.70 0.0021 2.0537e-3 8.2679e-6 -2.0557e-3
72.80 0.0020 2.0281e-3 8.0545e-6 -2.0300e-3
72.90 0.0020 2.0028e-3 7.8466e-6 -2.0047e-3
73.00 0.0020 1.9778e-3 7.6442e-6 -1.9797e-3
73.10 0.0020 1.9531e-3 7.4470e-6 -1.9549e-3
73.20 0.0019 1.9288e-3 7.2550e-6 -1.9305e-3
73.30 0.0019 1.9047e-3 7.0680e-6 -1.9065e-3
73.40 0.0019 1.8810e-3 6.8858e-6 -1.8827e-3
73.50 0.0019 1.8575e-3 6.7084e-6 -1.8592e-3
73.60 0.0018 1.8344e-3 6.5356e-6 -1.8360e-3
73.70 0.0018 1.8115e-3 6.3673e-6 -1.8131e-3
73.80 0.0018 1.7889e-3 6.2034e-6 -1.7905e-3
73.90 0.0018 1.7667e-3 6.0438e-6 -1.7681e-3
74.00 0.0017 1.7446e-3 5.8883e-6 -1.7461e-3
74.10 0.0017 1.7229e-3 5.7368e-6 -1.7243e-3
74.20 0.0017 1.7014e-3 5.5893e-6 -1.7028e-3
74.30 0.0017 1.6803e-3 5.4456e-6 -1.6816e-3
74.40 0.0017 1.6593e-3 5.3056e-6 -1.6606e-3
74.50 0.0016 1.6387e-3 5.1692e-6 -1.6399e-3
74.60 0.0016 1.6183e-3 5.0364e-6 -1.6195e-3
74.70 0.0016 1.5981e-3 4.9071e-6 -1.5993e-3
74.80 0.0016 1.5782e-3 4.7811e-6 -1.5794e-3
74.90 0.0016 1.5586e-3 4.6584e-6 -1.5597e-3
75.00 0.0015 1.5392e-3 4.5388e-6 -1.5403e-3
75.10 0.0015 1.5200e-3 4.4223e-6 -1.5211e-3
75.20 0.0015 1.5011e-3 4.3089e-6 -1.5021e-3
75.30 0.0015 1.4824e-3 4.1984e-6 -1.4834e-3
75.40 0.0015 1.4640e-3 4.0908e-6 -1.4649e-3
75.50 0.0014 1.4458e-3 3.9859e-6 -1.4467e-3
75.60 0.0014 1.4278e-3 3.8838e-6 -1.4287e-3
75.70 0.0014 1.4100e-3 3.7843e-6 -1.4109e-3
75.80 0.0014 1.3925e-3 3.6873e-6 -1.3933e-3
75.90 0.0014 1.3752e-3 3.5929e-6 -1.3760e-3
76.00 0.0014 1.3581e-3 3.5009e-6 -1.3589e-3
76.10 0.0013 1.3412e-3 3.4113e-6 -1.3420e-3
76.20 0.0013 1.3245e-3 3.3240e-6 -1.3253e-3
76.30 0.0013 1.3080e-3 3.2390e-6 -1.3088e-3
76.40 0.0013 1.2918e-3 3.1561e-6 -1.2925e-3
76.50 0.0013 1.2757e-3 3.0754e-6 -1.2764e-3
76.60 0.0013 1.2599e-3 2.9968e-6 -1.2606e-3
76.70 0.0012 1.2442e-3 2.9202e-6 -1.2449e-3
76.80 0.0012 1.2287e-3 2.8456e-6 -1.2294e-3
76.90 0.0012 1.2135e-3 2.7729e-6 -1.2141e-3
77.00 0.0012 1.1984e-3 2.7021e-6 -1.1990e-3
77.10 0.0012 1.1835e-3 2.6331e-6 -1.1841e-3
77.20 0.0012 1.1688e-3 2.5659e-6 -1.1694e-3
77.30 0.0012 1.1543e-3 2.5004e-6 -1.1549e-3
77.40 0.0011 1.1400e-3 2.4366e-6 -1.1405e-3
77.50 0.0011 1.1258e-3 2.3744e-6 -1.1264e-3
77.60 0.0011 1.1118e-3 2.3138e-6 -1.1124e-3
77.70 0.0011 1.0980e-3 2.2548e-6 -1.0986e-3
77.80 0.0011 1.0844e-3 2.1974e-6 -1.0849e-3
77.90 0.0011 1.0710e-3 2.1414e-6 -1.0714e-3
78.00 0.0011 1.0577e-3 2.0868e-6 -1.0581e-3
78.10 0.0010 1.0445e-3 2.0336e-6 -1.0450e-3
78.20 0.0010 1.0316e-3 1.9818e-6 -1.0320e-3
78.30 0.0010 1.0188e-3 1.9314e-6 -1.0192e-3
78.40 0.0010 1.0061e-3 1.8822e-6 -1.0066e-3
78.50 0.0010 9.9366e-4 1.8343e-6 -9.9409e-4
78.60 0.0010 9.8134e-4 1.7876e-6 -9.8175e-4
78.70 0.0010 9.6917e-4 1.7421e-6 -9.6957e-4
78.80 0.0010 9.5715e-4 1.6978e-6 -9.5754e-4
78.90 0.0009 9.4528e-4 1.6546e-6 -9.4566e-4
79.00 0.0009 9.3356e-4 1.6125e-6 -9.3394e-4
79.10 0.0009 9.2199e-4 1.5716e-6 -9.2235e-4
79.20 0.0009 9.1056e-4 1.5316e-6 -9.1092e-4
79.30 0.0009 8.9928e-4 1.4927e-6 -8.9962e-4
79.40 0.0009 8.8814e-4 1.4548e-6 -8.8847e-4
79.50 0.0009 8.7713e-4 1.4178e-6 -8.7746e-4
79.60 0.0009 8.6626e-4 1.3818e-6 -8.6658e-4
79.70 0.0009 8.5553e-4 1.3467e-6 -8.5584e-4
79.80 0.0008 8.4493e-4 1.3126e-6 -8.4523e-4
79.90 0.0008 8.3447e-4 1.2792e-6 -8.3476e-4
