232
Converted with Duello pdb2xyz.py with pdbs/1AMM (https://github.com/mlund/pdb2xyz)
NTR -2.979 6.134 31.424
GLY1 -2.609 6.935 32.580
LYS2 -1.411 6.840 37.520
Ksc -2.770 5.035 41.065
ILE3 1.128 11.482 36.678
THR4 1.254 11.720 41.137
PHE5 1.799 15.986 39.490
TYR6 3.618 14.256 45.050
GLU7 3.051 20.991 46.606
Esc 1.349 22.386 48.091
ASP8 6.609 19.171 48.884
Dsc 6.342 21.330 49.678
ARG9 12.181 18.445 47.588
Rsc 14.144 20.660 46.619
GLY10 9.425 13.012 48.546
PHE11 7.261 11.344 46.741
GLN12 5.993 14.346 51.191
GLY13 2.242 16.764 50.371
HIS14 -1.511 18.938 47.703
Hsc -3.781 19.843 46.204
CYS15 -1.176 15.279 45.916
Csc -1.022 13.596 46.610
TYR16 -3.880 16.161 40.395
GLU17 -4.074 10.940 40.443
Esc -4.268 8.632 42.061
CYS18 -3.137 13.215 35.779
Csc -3.084 14.640 34.399
SER19 -5.495 10.526 33.575
SER20 -5.268 13.396 31.267
ASP21 -4.144 15.737 28.126
Dsc -2.624 14.770 26.857
CYS22 -4.062 19.366 32.199
Csc -4.893 19.879 33.866
PRO23 -4.482 22.526 30.027
ASN24 -4.441 24.730 34.224
LEU25 -2.008 21.291 36.520
GLN26 -2.228 26.648 37.905
PRO27 -6.094 24.520 39.795
TYR28 -6.117 20.702 40.018
PHE29 -0.317 21.286 41.447
SER30 1.339 25.405 44.021
ARG31 4.489 23.702 45.686
Rsc 4.620 23.960 48.471
CYS32 6.242 19.969 41.284
Csc 5.690 18.325 40.399
ASN33 9.334 19.833 44.358
SER34 7.707 15.364 43.589
ILE35 6.809 13.428 39.832
ARG36 5.300 8.090 42.307
Rsc 5.892 6.966 44.735
VAL37 5.259 8.021 36.507
ASP38 2.289 4.867 38.258
Dsc 2.615 4.461 40.452
SER39 1.244 4.980 33.731
GLY40 3.114 6.387 30.836
CYS41 4.809 8.225 28.038
Csc 6.147 6.683 27.275
TRP42 2.569 11.690 31.280
MET43 6.233 16.237 27.670
LEU44 5.751 17.637 32.077
TYR45 4.432 21.234 28.961
GLU46 7.509 26.348 33.045
Esc 9.709 27.304 31.926
ARG47 4.239 28.757 30.352
Rsc 4.904 30.953 28.619
PRO48 -0.022 27.233 31.385
ASN49 -2.010 26.217 27.285
TYR50 -0.050 22.174 26.737
GLN51 3.369 27.566 26.811
GLY52 7.787 26.341 28.156
HIS53 11.437 25.152 30.416
Hsc 14.363 26.171 30.749
GLN54 8.967 21.022 26.909
TYR55 10.350 19.506 31.842
PHE56 10.091 12.344 28.317
LEU57 8.545 12.232 32.635
ARG58 10.438 7.207 30.281
Rsc 12.773 6.534 28.341
ARG59 7.383 3.246 33.613
Rsc 7.299 0.989 32.458
GLY60 8.709 6.571 38.034
ASP61 10.037 7.191 41.660
Dsc 8.285 5.967 42.122
TYR62 10.770 11.120 38.498
PRO63 12.580 12.442 44.301
ASP64 14.316 16.544 43.148
Dsc 15.750 17.957 42.793
TYR65 13.682 20.513 40.467
GLN66 17.658 18.079 40.091
GLN67 16.104 13.369 39.259
TRP68 11.522 16.656 36.778
MET69 16.405 17.092 33.841
GLY70 14.466 20.867 36.033
PHE71 14.808 26.223 35.242
ASN72 11.478 25.371 38.147
ASP73 8.878 24.484 41.713
Dsc 8.905 26.015 42.191
SER74 6.796 25.076 37.460
ILE75 4.739 21.455 36.598
ARG76 2.001 26.326 36.253
Rsc 2.901 29.029 38.128
SER77 1.004 21.688 31.758
CYS78 -0.032 17.557 31.510
Csc -0.570 16.739 32.959
ARG79 0.490 17.448 25.829
Rsc 0.056 19.743 23.369
LEU80 -0.922 11.137 28.002
ILE81 2.781 11.177 25.024
PRO82 0.070 9.355 22.346
GLN83 0.962 3.715 23.019
HIS84 3.494 4.206 17.898
Hsc 4.441 4.228 15.200
THR85 3.417 0.344 18.397
GLY86 6.613 0.368 15.780
THR87 7.724 2.455 12.605
PHE88 8.574 5.469 16.233
ARG89 9.173 6.672 9.478
Rsc 9.235 4.380 7.740
MET90 11.642 12.182 12.285
ARG91 10.873 12.632 6.222
Rsc 9.378 10.995 3.686
ILE92 15.868 15.873 9.306
TYR93 13.786 18.494 5.742
GLU94 19.976 21.681 5.386
Esc 21.308 20.761 3.227
ARG95 17.541 24.647 3.439
Rsc 18.969 24.709 1.034
ASP96 12.958 26.852 6.119
Dsc 13.125 28.211 5.356
ASP97 9.498 25.161 3.642
Dsc 7.638 25.465 3.490
PHE98 9.716 20.463 4.692
ARG99 14.097 24.894 1.800
Rsc 13.983 27.686 1.618
GLY100 17.179 20.598 1.437
GLN101 20.224 16.691 2.500
MET102 15.635 14.050 3.697
SER103 17.529 13.037 6.773
GLU104 14.078 8.697 6.948
Esc 11.650 8.399 5.411
ILE105 15.324 9.738 11.672
THR106 13.663 5.149 12.176
ASP107 16.885 5.586 15.186
Dsc 17.972 6.130 14.341
ASP108 16.708 6.544 19.402
Dsc 14.651 6.553 20.277
CYS109 19.902 10.399 17.143
Csc 20.789 10.991 15.570
PRO110 22.387 10.084 20.206
SER111 24.570 12.670 17.713
LEU112 22.032 14.916 14.827
GLN113 27.781 16.770 15.452
ASP114 28.324 11.914 15.728
Dsc 29.685 12.423 17.273
ARG115 23.344 9.448 12.816
Rsc 21.137 7.558 14.002
PHE116 23.109 13.131 10.135
HIS117 28.614 15.543 10.003
Hsc 29.946 13.105 9.170
LEU118 23.734 18.277 11.249
THR119 24.598 21.738 14.600
GLU120 21.511 24.087 13.078
Esc 21.484 26.748 12.397
VAL121 17.190 20.996 12.293
HIS122 16.642 25.093 10.174
Hsc 18.492 27.181 10.949
SER123 12.691 21.618 8.876
LEU124 10.783 18.564 11.522
ASN125 7.679 15.613 8.586
VAL126 6.543 13.776 12.451
LEU127 5.575 10.676 9.012
GLU128 5.233 7.178 11.542
Esc 4.966 4.676 10.206
GLY129 5.032 9.087 16.110
SER130 5.735 10.662 19.318
TRP131 10.359 11.003 17.428
VAL132 11.731 14.078 22.453
LEU133 13.786 17.949 19.929
TYR134 16.276 15.970 23.620
GLU135 19.311 22.478 22.747
Esc 19.148 24.012 24.886
MET136 22.227 20.208 24.199
PRO137 24.032 16.393 22.285
SER138 23.154 12.918 24.716
TYR139 19.242 11.914 24.495
ARG140 22.893 17.481 26.691
Rsc 25.554 17.896 26.631
GLY141 18.676 20.370 27.168
ARG142 15.309 24.635 26.630
Rsc 14.341 27.657 27.853
GLN143 13.131 18.654 26.793
TYR144 11.674 21.593 22.588
LEU145 6.563 16.988 22.195
LEU146 8.167 16.238 18.042
ARG147 2.155 16.306 18.895
Rsc 0.332 18.054 20.261
PRO148 2.327 13.452 14.668
GLY149 3.759 16.517 11.778
GLU150 3.968 19.533 8.411
Esc 3.698 20.515 5.969
TYR151 6.782 20.221 13.375
ARG152 7.136 23.417 6.625
Rsc 6.054 22.124 4.012
ARG153 9.188 27.574 10.173
Rsc 8.594 29.013 8.060
TYR154 13.122 27.736 15.360
LEU155 8.869 28.895 16.414
ASP156 6.287 25.112 14.436
Dsc 5.233 26.489 13.264
TRP157 10.733 22.601 16.872
GLY158 9.133 25.997 20.584
ALA159 12.139 26.764 19.920
MET160 14.552 30.594 22.139
ASN161 17.393 27.506 18.967
ALA162 17.918 25.387 15.328
LYS163 20.730 24.505 19.153
Ksc 22.780 25.473 22.299
VAL164 18.923 19.681 16.829
GLY165 21.226 16.919 18.985
SER166 19.021 14.759 20.284
LEU167 16.005 12.883 17.957
ARG168 14.536 9.937 23.646
Rsc 15.875 9.626 26.255
ARG169 12.264 5.789 19.429
Rsc 13.351 3.374 18.434
VAL170 7.689 8.432 22.739
MET171 9.610 3.883 22.803
ASP172 6.919 2.592 27.704
Dsc 6.320 2.940 29.810
PHE173 11.086 1.850 30.012
CTR 6.870 -2.812 25.475
TYR174 9.306 -3.067 28.439
