# R/Å F/kT U/kT C/R <exp(-u/kT)-1>
23.00 333.3887 3.2008e2 0.0000e0 -1.0000e0
23.10 275.5179 2.6221e2 -2.9424e-11 -1.0000e0
23.20 228.2034 2.1490e2 0.0000e0 -1.0000e0
23.30 189.4120 1.7611e2 0.0000e0 -1.0000e0
23.40 157.5369 1.4423e2 0.0000e0 -1.0000e0
23.50 131.2988 1.1800e2 2.4520e-12 -1.0000e0
23.60 109.6691 9.6365e1 0.0000e0 -1.0000e0
23.70 91.8197 7.8516e1 1.2260e-12 -1.0000e0
23.80 77.0789 6.3775e1 1.2260e-12 -1.0000e0
23.90 64.8982 5.1595e1 8.7490e-8 -1.0000e0
24.00 54.8299 4.1526e1 2.8249e-4 -1.0000e0
24.10 46.5053 3.3210e1 5.2592e-2 -1.0000e0
24.20 39.5087 2.6562e1 5.0286e-1 -1.0000e0
24.30 32.4564 1.9863e1 5.9699e-1 -1.0000e0
24.40 25.6798 1.2903e1 9.0162e-1 -1.0000e0
24.50 20.2504 7.5751e0 7.2322e-1 -1.0000e0
24.60 16.0281 3.4841e0 5.5728e-1 -1.0000e0
24.70 12.7804 3.4138e-1 4.4627e-1 -1.0000e0
24.80 10.3113 -2.0431e0 4.0054e-1 -9.9997e-1
24.90 8.4557 -3.8109e0 4.3279e-1 -9.9979e-1
25.00 7.0675 -5.0674e0 5.1945e-1 -9.9915e-1
25.10 6.0094 -5.9297e0 4.8832e-1 -9.9754e-1
25.20 5.1607 -6.5999e0 3.2364e-1 -9.9426e-1
25.30 4.4580 -7.2386e0 3.9192e-1 -9.8841e-1
25.40 3.8951 -7.8078e0 7.8933e-1 -9.7966e-1
25.50 3.4694 -8.1956e0 1.2851e0 -9.6886e-1
25.60 3.1541 -8.3631e0 1.6409e0 -9.5732e-1
25.70 2.9062 -8.3659e0 1.7617e0 -9.4532e-1
25.80 2.6832 -8.2816e0 1.7790e0 -9.3166e-1
25.90 2.4295 -8.1861e0 1.6859e0 -9.1192e-1
26.00 2.0630 -8.3363e0 1.6606e0 -8.7293e-1
26.10 1.5674 -8.9428e0 2.3864e0 -7.9142e-1
26.20 1.0480 -9.7068e0 3.2684e0 -6.4935e-1
26.30 0.6058 -1.0304e1 3.7789e0 -4.5436e-1
26.40 0.2750 -1.0661e1 4.0329e0 -2.4044e-1
26.50 0.0533 -1.0804e1 4.1889e0 -5.1915e-2
26.60 -0.0743 -1.0772e1 4.3136e0 7.7082e-2
26.70 -0.1292 -1.0598e1 4.4058e0 1.3786e-1
26.80 -0.1403 -1.0312e1 4.3920e0 1.5060e-1
26.90 -0.1441 -9.9848e0 4.2059e0 1.5500e-1
27.00 -0.1723 -9.7282e0 4.0276e0 1.8801e-1
27.10 -0.2309 -9.6025e0 4.1524e0 2.5978e-1
27.20 -0.3015 -9.5503e0 4.5364e0 3.5190e-1
27.30 -0.3652 -9.4780e0 4.8867e0 4.4080e-1
27.40 -0.4185 -9.3518e0 5.0189e0 5.1961e-1
27.50 -0.4661 -9.1937e0 4.9948e0 5.9373e-1
27.60 -0.5102 -9.0200e0 4.9301e0 6.6565e-1
27.70 -0.5505 -8.8252e0 4.7999e0 7.3410e-1
27.80 -0.5879 -8.6114e0 4.5429e0 8.0018e-1
27.90 -0.6239 -8.3936e0 4.1749e0 8.6612e-1
28.00 -0.6595 -8.1911e0 3.7863e0 9.3383e-1
28.10 -0.6956 -8.0170e0 3.4832e0 1.0049e0
28.20 -0.7339 -7.8742e0 3.3040e0 1.0832e0
28.30 -0.7792 -7.7692e0 3.2205e0 1.1798e0
28.40 -0.8360 -7.7198e0 3.2471e0 1.3071e0
28.50 -0.9030 -7.7320e0 3.4409e0 1.4669e0
28.60 -0.9724 -7.7802e0 3.7731e0 1.6442e0
28.70 -1.0358 -7.8271e0 4.1456e0 1.8174e0
28.80 -1.0888 -7.8483e0 4.4869e0 1.9706e0
28.90 -1.1296 -7.8322e0 4.7520e0 2.0945e0
29.00 -1.1582 -7.7746e0 4.9048e0 2.1841e0
29.10 -1.1751 -7.6765e0 4.9301e0 2.2383e0
29.20 -1.1830 -7.5471e0 4.8429e0 2.2641e0
29.30 -1.1863 -7.4053e0 4.6983e0 2.2748e0
29.40 -1.1891 -7.2705e0 4.5696e0 2.2841e0
29.50 -1.1935 -7.1515e0 4.4894e0 2.2986e0
29.60 -1.1998 -7.0497e0 4.4528e0 2.3194e0
29.70 -1.2070 -6.9636e0 4.4549e0 2.3435e0
29.80 -1.2141 -6.8915e0 4.4994e0 2.3671e0
29.90 -1.2200 -6.8320e0 4.6003e0 2.3872e0
30.00 -1.2242 -6.7826e0 4.7667e0 2.4015e0
30.10 -1.2260 -6.7342e0 4.9596e0 2.4074e0
30.20 -1.2245 -6.6750e0 5.1012e0 2.4023e0
30.30 -1.2196 -6.5978e0 5.1349e0 2.3859e0
30.40 -1.2121 -6.5024e0 5.0522e0 2.3607e0
30.50 -1.2043 -6.3969e0 4.8838e0 2.3344e0
30.60 -1.2000 -6.2991e0 4.6940e0 2.3202e0
30.70 -1.2038 -6.2339e0 4.5867e0 2.3327e0
30.80 -1.2177 -6.2195e0 4.6635e0 2.3794e0
30.90 -1.2399 -6.2529e0 4.9381e0 2.4553e0
31.00 -1.2659 -6.3135e0 5.3316e0 2.5463e0
31.10 -1.2907 -6.3780e0 5.7625e0 2.6354e0
31.20 -1.3098 -6.4234e0 6.1706e0 2.7055e0
31.30 -1.3200 -6.4267e0 6.4714e0 2.7432e0
31.40 -1.3208 -6.3744e0 6.5645e0 2.7465e0
31.50 -1.3158 -6.2759e0 6.4200e0 2.7276e0
31.60 -1.3095 -6.1579e0 6.1215e0 2.7042e0
31.70 -1.3048 -6.0447e0 5.7981e0 2.6870e0
31.80 -1.3019 -5.9439e0 5.5226e0 2.6762e0
31.90 -1.2997 -5.8522e0 5.2954e0 2.6683e0
32.00 -1.2979 -5.7655e0 5.0927e0 2.6615e0
32.10 -1.2961 -5.6827e0 4.9062e0 2.6551e0
32.20 -1.2945 -5.6042e0 4.7421e0 2.6490e0
32.30 -1.2929 -5.5301e0 4.6062e0 2.6432e0
32.40 -1.2914 -5.4607e0 4.5015e0 2.6379e0
32.50 -1.2901 -5.3960e0 4.4262e0 2.6333e0
32.60 -1.2886 -5.3347e0 4.3716e0 2.6279e0
32.70 -1.2862 -5.2739e0 4.3253e0 2.6191e0
32.80 -1.2823 -5.2111e0 4.2781e0 2.6049e0
32.90 -1.2770 -5.1456e0 4.2281e0 2.5857e0
33.00 -1.2711 -5.0803e0 4.1847e0 2.5647e0
33.10 -1.2660 -5.0215e0 4.1740e0 2.5467e0
33.20 -1.2629 -4.9757e0 4.2355e0 2.5358e0
33.30 -1.2620 -4.9436e0 4.3825e0 2.5324e0
33.40 -1.2626 -4.9187e0 4.5694e0 2.5347e0
33.50 -1.2646 -4.8942e0 4.7275e0 2.5418e0
33.60 -1.2683 -4.8698e0 4.8280e0 2.5548e0
33.70 -1.2736 -4.8475e0 4.8876e0 2.5736e0
33.80 -1.2794 -4.8248e0 4.9161e0 2.5943e0
33.90 -1.2842 -4.7952e0 4.8986e0 2.6116e0
34.00 -1.2871 -4.7549e0 4.8230e0 2.6221e0
34.10 -1.2882 -4.7057e0 4.7036e0 2.6261e0
34.20 -1.2881 -4.6530e0 4.5723e0 2.6258e0
34.30 -1.2874 -4.6015e0 4.4563e0 2.6235e0
34.40 -1.2868 -4.5542e0 4.3698e0 2.6212e0
34.50 -1.2866 -4.5141e0 4.3235e0 2.6206e0
34.60 -1.2871 -4.4832e0 4.3311e0 2.6222e0
34.70 -1.2874 -4.4580e0 4.3874e0 2.6232e0
34.80 -1.2861 -4.4296e0 4.4490e0 2.6186e0
34.90 -1.2825 -4.3898e0 4.4618e0 2.6056e0
35.00 -1.2772 -4.3383e0 4.4049e0 2.5865e0
35.10 -1.2714 -4.2815e0 4.2993e0 2.5660e0
35.20 -1.2665 -4.2271e0 4.1851e0 2.5485e0
35.30 -1.2630 -4.1795e0 4.0917e0 2.5359e0
35.40 -1.2608 -4.1393e0 4.0267e0 2.5281e0
35.50 -1.2599 -4.1062e0 3.9877e0 2.5251e0
35.60 -1.2605 -4.0798e0 3.9719e0 2.5271e0
35.70 -1.2626 -4.0604e0 3.9786e0 2.5347e0
35.80 -1.2665 -4.0499e0 4.0186e0 2.5484e0
35.90 -1.2719 -4.0499e0 4.1166e0 2.5675e0
36.00 -1.2776 -4.0575e0 4.2791e0 2.5881e0
36.10 -1.2821 -4.0636e0 4.4652e0 2.6042e0
36.20 -1.2838 -4.0578e0 4.6056e0 2.6105e0
36.30 -1.2822 -4.0346e0 4.6527e0 2.6047e0
36.40 -1.2776 -3.9952e0 4.6035e0 2.5880e0
36.50 -1.2709 -3.9446e0 4.4866e0 2.5639e0
36.60 -1.2631 -3.8896e0 4.3421e0 2.5365e0
36.70 -1.2556 -3.8366e0 4.2080e0 2.5098e0
36.80 -1.2489 -3.7896e0 4.1088e0 2.4865e0
36.90 -1.2435 -3.7499e0 4.0503e0 2.4676e0
37.00 -1.2393 -3.7163e0 4.0202e0 2.4531e0
37.10 -1.2362 -3.6870e0 4.0011e0 2.4426e0
37.20 -1.2342 -3.6614e0 3.9843e0 2.4356e0
37.30 -1.2328 -3.6392e0 3.9727e0 2.4308e0
37.40 -1.2314 -3.6188e0 3.9692e0 2.4260e0
37.50 -1.2292 -3.5966e0 3.9642e0 2.4185e0
37.60 -1.2258 -3.5697e0 3.9447e0 2.4069e0
37.70 -1.2216 -3.5391e0 3.9104e0 2.3926e0
37.80 -1.2172 -3.5081e0 3.8761e0 2.3778e0
37.90 -1.2132 -3.4797e0 3.8564e0 2.3643e0
38.00 -1.2096 -3.4544e0 3.8532e0 2.3520e0
38.10 -1.2060 -3.4306e0 3.8583e0 2.3402e0
38.20 -1.2023 -3.4064e0 3.8614e0 2.3276e0
38.30 -1.1978 -3.3797e0 3.8531e0 2.3129e0
38.40 -1.1925 -3.3490e0 3.8263e0 2.2953e0
38.50 -1.1863 -3.3143e0 3.7792e0 2.2750e0
38.60 -1.1795 -3.2770e0 3.7186e0 2.2528e0
38.70 -1.1724 -3.2395e0 3.6567e0 2.2297e0
38.80 -1.1652 -3.2033e0 3.6034e0 2.2067e0
38.90 -1.1581 -3.1685e0 3.5594e0 2.1839e0
39.00 -1.1510 -3.1349e0 3.5205e0 2.1613e0
39.10 -1.1439 -3.1026e0 3.4866e0 2.1389e0
39.20 -1.1367 -3.0715e0 3.4606e0 2.1164e0
39.30 -1.1292 -3.0406e0 3.4409e0 2.0933e0
39.40 -1.1214 -3.0084e0 3.4193e0 2.0690e0
39.50 -1.1129 -2.9738e0 3.3873e0 2.0432e0
39.60 -1.1040 -2.9366e0 3.3421e0 2.0162e0
39.70 -1.0948 -2.8977e0 3.2869e0 1.9887e0
39.80 -1.0857 -2.8591e0 3.2297e0 1.9616e0
39.90 -1.0769 -2.8222e0 3.1794e0 1.9357e0
40.00 -1.0685 -2.7880e0 3.1409e0 1.9111e0
40.10 -1.0605 -2.7564e0 3.1139e0 1.8878e0
40.20 -1.0527 -2.7266e0 3.0951e0 1.8652e0
40.30 -1.0447 -2.6976e0 3.0802e0 1.8426e0
40.40 -1.0365 -2.6679e0 3.0632e0 1.8192e0
40.50 -1.0277 -2.6364e0 3.0386e0 1.7947e0
40.60 -1.0186 -2.6029e0 3.0037e0 1.7693e0
40.70 -1.0094 -2.5683e0 2.9609e0 1.7439e0
40.80 -1.0004 -2.5345e0 2.9170e0 1.7193e0
40.90 -0.9918 -2.5029e0 2.8800e0 1.6962e0
41.00 -0.9839 -2.4744e0 2.8544e0 1.6747e0
41.10 -0.9763 -2.4489e0 2.8408e0 1.6547e0
41.20 -0.9693 -2.4269e0 2.8418e0 1.6362e0
41.30 -0.9628 -2.4092e0 2.8649e0 1.6191e0
41.40 -0.9567 -2.3957e0 2.9137e0 1.6030e0
41.50 -0.9504 -2.3837e0 2.9764e0 1.5867e0
41.60 -0.9435 -2.3696e0 3.0306e0 1.5689e0
41.70 -0.9358 -2.3512e0 3.0597e0 1.5493e0
41.80 -0.9275 -2.3288e0 3.0623e0 1.5282e0
41.90 -0.9189 -2.3045e0 3.0495e0 1.5064e0
42.00 -0.9101 -2.2801e0 3.0359e0 1.4845e0
42.10 -0.9012 -2.2564e0 3.0293e0 1.4624e0
42.20 -0.8922 -2.2327e0 3.0268e0 1.4404e0
42.30 -0.8832 -2.2087e0 3.0226e0 1.4185e0
42.40 -0.8742 -2.1849e0 3.0148e0 1.3971e0
42.50 -0.8655 -2.1617e0 3.0067e0 1.3762e0
42.60 -0.8568 -2.1391e0 3.0009e0 1.3556e0
42.70 -0.8480 -2.1164e0 2.9955e0 1.3350e0
42.80 -0.8390 -2.0926e0 2.9851e0 1.3140e0
42.90 -0.8296 -2.0668e0 2.9644e0 1.2924e0
43.00 -0.8198 -2.0387e0 2.9305e0 1.2700e0
43.10 -0.8096 -2.0083e0 2.8843e0 1.2469e0
43.20 -0.7992 -1.9769e0 2.8310e0 1.2238e0
43.30 -0.7891 -1.9465e0 2.7804e0 1.2014e0
43.40 -0.7794 -1.9189e0 2.7438e0 1.1802e0
43.50 -0.7703 -1.8951e0 2.7280e0 1.1605e0
43.60 -0.7615 -1.8740e0 2.7295e0 1.1416e0
43.70 -0.7528 -1.8536e0 2.7367e0 1.1229e0
43.80 -0.7438 -1.8321e0 2.7374e0 1.1039e0
43.90 -0.7344 -1.8085e0 2.7243e0 1.0843e0
44.00 -0.7245 -1.7824e0 2.6967e0 1.0638e0
44.10 -0.7142 -1.7540e0 2.6577e0 1.0425e0
44.20 -0.7034 -1.7237e0 2.6110e0 1.0206e0
44.30 -0.6922 -1.6918e0 2.5585e0 9.9820e-1
44.40 -0.6809 -1.6588e0 2.5014e0 9.7571e-1
44.50 -0.6696 -1.6253e0 2.4413e0 9.5344e-1
44.60 -0.6584 -1.5919e0 2.3803e0 9.3160e-1
44.70 -0.6473 -1.5591e0 2.3202e0 9.1035e-1
44.80 -0.6365 -1.5272e0 2.2626e0 8.8979e-1
44.90 -0.6259 -1.4966e0 2.2092e0 8.7002e-1
45.00 -0.6158 -1.4678e0 2.1624e0 8.5118e-1
45.10 -0.6061 -1.4412e0 2.1244e0 8.3332e-1
45.20 -0.5969 -1.4167e0 2.0957e0 8.1643e-1
45.30 -0.5881 -1.3942e0 2.0750e0 8.0049e-1
45.40 -0.5797 -1.3735e0 2.0612e0 7.8548e-1
45.50 -0.5718 -1.3547e0 2.0537e0 7.7142e-1
45.60 -0.5643 -1.3377e0 2.0527e0 7.5822e-1
45.70 -0.5572 -1.3224e0 2.0579e0 7.4572e-1
45.80 -0.5502 -1.3083e0 2.0680e0 7.3368e-1
45.90 -0.5434 -1.2949e0 2.0803e0 7.2186e-1
46.00 -0.5365 -1.2817e0 2.0939e0 7.1008e-1
46.10 -0.5296 -1.2686e0 2.1087e0 6.9818e-1
46.20 -0.5223 -1.2549e0 2.1230e0 6.8592e-1
46.30 -0.5147 -1.2398e0 2.1319e0 6.7306e-1
46.40 -0.5065 -1.2225e0 2.1302e0 6.5946e-1
46.50 -0.4978 -1.2027e0 2.1152e0 6.4514e-1
46.60 -0.4887 -1.1807e0 2.0875e0 6.3024e-1
46.70 -0.4794 -1.1571e0 2.0500e0 6.1504e-1
46.80 -0.4699 -1.1327e0 2.0063e0 5.9982e-1
46.90 -0.4605 -1.1083e0 1.9610e0 5.8485e-1
47.00 -0.4512 -1.0846e0 1.9180e0 5.7025e-1
47.10 -0.4421 -1.0618e0 1.8788e0 5.5600e-1
47.20 -0.4331 -1.0394e0 1.8428e0 5.4197e-1
47.30 -0.4240 -1.0169e0 1.8073e0 5.2803e-1
47.40 -0.4149 -9.9410e-1 1.7703e0 5.1416e-1
47.50 -0.4058 -9.7104e-1 1.7312e0 5.0046e-1
47.60 -0.3968 -9.4827e-1 1.6916e0 4.8711e-1
47.70 -0.3882 -9.2645e-1 1.6547e0 4.7431e-1
47.80 -0.3799 -9.0598e-1 1.6230e0 4.6213e-1
47.90 -0.3719 -8.8674e-1 1.5963e0 4.5049e-1
48.00 -0.3641 -8.6815e-1 1.5721e0 4.3922e-1
48.10 -0.3564 -8.4956e-1 1.5467e0 4.2819e-1
48.20 -0.3488 -8.3065e-1 1.5179e0 4.1731e-1
48.30 -0.3412 -8.1154e-1 1.4859e0 4.0662e-1
48.40 -0.3337 -7.9251e-1 1.4529e0 3.9612e-1
48.50 -0.3263 -7.7370e-1 1.4205e0 3.8578e-1
48.60 -0.3188 -7.5493e-1 1.3884e0 3.7552e-1
48.70 -0.3113 -7.3592e-1 1.3553e0 3.6523e-1
48.80 -0.3037 -7.1644e-1 1.3198e0 3.5486e-1
48.90 -0.2959 -6.9645e-1 1.2816e0 3.4440e-1
49.00 -0.2881 -6.7611e-1 1.2416e0 3.3390e-1
49.10 -0.2802 -6.5571e-1 1.2011e0 3.2345e-1
49.20 -0.2724 -6.3552e-1 1.1616e0 3.1314e-1
49.30 -0.2647 -6.1571e-1 1.1240e0 3.0300e-1
49.40 -0.2570 -5.9624e-1 1.0876e0 2.9308e-1
49.50 -0.2495 -5.7704e-1 1.0512e0 2.8337e-1
49.60 -0.2421 -5.5818e-1 1.0145e0 2.7392e-1
49.70 -0.2349 -5.3981e-1 9.7812e-1 2.6473e-1
49.80 -0.2278 -5.2209e-1 9.4304e-1 2.5583e-1
49.90 -0.2209 -5.0506e-1 9.1004e-1 2.4721e-1
50.00 -0.2142 -4.8864e-1 8.7909e-1 2.3882e-1
50.10 -0.2075 -4.7261e-1 8.4935e-1 2.3062e-1
50.20 -0.2010 -4.5679e-1 8.1979e-1 2.2258e-1
50.30 -0.1945 -4.4116e-1 7.9005e-1 2.1472e-1
50.40 -0.1882 -4.2584e-1 7.6059e-1 2.0705e-1
50.50 -0.1820 -4.1096e-1 7.3222e-1 1.9961e-1
50.60 -0.1760 -3.9658e-1 7.0543e-1 1.9240e-1
50.70 -0.1701 -3.8265e-1 6.8013e-1 1.8541e-1
50.80 -0.1644 -3.6913e-1 6.5581e-1 1.7866e-1
50.90 -0.1588 -3.5604e-1 6.3222e-1 1.7215e-1
51.00 -0.1535 -3.4345e-1 6.0957e-1 1.6591e-1
51.10 -0.1484 -3.3143e-1 5.8823e-1 1.5993e-1
51.20 -0.1434 -3.1998e-1 5.6846e-1 1.5421e-1
51.30 -0.1386 -3.0902e-1 5.5006e-1 1.4871e-1
51.40 -0.1340 -2.9844e-1 5.3249e-1 1.4341e-1
51.50 -0.1295 -2.8816e-1 5.1532e-1 1.3829e-1
51.60 -0.1252 -2.7820e-1 4.9853e-1 1.3335e-1
51.70 -0.1210 -2.6855e-1 4.8221e-1 1.2858e-1
51.80 -0.1169 -2.5914e-1 4.6623e-1 1.2395e-1
51.90 -0.1128 -2.4986e-1 4.5021e-1 1.1944e-1
52.00 -0.1089 -2.4063e-1 4.3374e-1 1.1503e-1
52.10 -0.1050 -2.3139e-1 4.1651e-1 1.1069e-1
52.20 -0.1011 -2.2210e-1 3.9834e-1 1.0642e-1
52.30 -0.0973 -2.1277e-1 3.7924e-1 1.0222e-1
52.40 -0.0936 -2.0346e-1 3.5948e-1 9.8079e-2
52.50 -0.0898 -1.9422e-1 3.3953e-1 9.4004e-2
52.60 -0.0862 -1.8513e-1 3.1985e-1 8.9997e-2
52.70 -0.0826 -1.7622e-1 3.0075e-1 8.6056e-2
52.80 -0.0790 -1.6750e-1 2.8233e-1 8.2173e-2
52.90 -0.0754 -1.5893e-1 2.6453e-1 7.8345e-2
53.00 -0.0719 -1.5052e-1 2.4727e-1 7.4578e-2
53.10 -0.0685 -1.4230e-1 2.3056e-1 7.0891e-2
53.20 -0.0651 -1.3436e-1 2.1459e-1 6.7308e-2
53.30 -0.0619 -1.2676e-1 1.9961e-1 6.3849e-2
53.40 -0.0588 -1.1956e-1 1.8576e-1 6.0525e-2
53.50 -0.0557 -1.1278e-1 1.7309e-1 5.7333e-2
53.60 -0.0528 -1.0639e-1 1.6156e-1 5.4262e-2
53.70 -0.0500 -1.0035e-1 1.5106e-1 5.1289e-2
53.80 -0.0473 -9.4564e-2 1.4135e-1 4.8394e-2
53.90 -0.0446 -8.8968e-2 1.3218e-1 4.5562e-2
54.00 -0.0419 -8.3521e-2 1.2338e-1 4.2791e-2
54.10 -0.0393 -7.8204e-2 1.1485e-1 4.0081e-2
54.20 -0.0368 -7.3015e-2 1.0656e-1 3.7442e-2
54.30 -0.0343 -6.7975e-2 9.8497e-2 3.4891e-2
54.40 -0.0319 -6.3133e-2 9.0752e-2 3.2447e-2
54.50 -0.0297 -5.8538e-2 8.3451e-2 3.0125e-2
54.60 -0.0276 -5.4223e-2 7.6692e-2 2.7933e-2
54.70 -0.0255 -5.0191e-2 7.0499e-2 2.5868e-2
54.80 -0.0236 -4.6429e-2 6.4844e-2 2.3923e-2
54.90 -0.0219 -4.2922e-2 5.9678e-2 2.2091e-2
55.00 -0.0202 -3.9649e-2 5.4956e-2 2.0365e-2
55.10 -0.0186 -3.6595e-2 5.0644e-2 1.8737e-2
55.20 -0.0171 -3.3742e-2 4.6717e-2 1.7199e-2
55.30 -0.0156 -3.1069e-2 4.3141e-2 1.5744e-2
55.40 -0.0143 -2.8557e-2 3.9858e-2 1.4367e-2
55.50 -0.0130 -2.6191e-2 3.6809e-2 1.3065e-2
55.60 -0.0118 -2.3971e-2 3.3963e-2 1.1836e-2
55.70 -0.0106 -2.1894e-2 3.1324e-2 1.0673e-2
55.80 -0.0095 -1.9949e-2 2.8899e-2 9.5657e-3
55.90 -0.0085 -1.8111e-2 2.6658e-2 8.5044e-3
56.00 -0.0075 -1.6360e-2 2.4552e-2 7.4803e-3
56.10 -0.0065 -1.4680e-2 2.2545e-2 6.4871e-3
56.20 -0.0055 -1.3060e-2 2.0625e-2 5.5214e-3
56.30 -0.0046 -1.1498e-2 1.8793e-2 4.5822e-3
56.40 -0.0037 -9.9912e-3 1.7047e-2 3.6707e-3
56.50 -0.0028 -8.5431e-3 1.5393e-2 2.7899e-3
56.60 -0.0019 -7.1589e-3 1.3836e-2 1.9431e-3
56.70 -0.0011 -5.8449e-3 1.2383e-2 1.1338e-3
56.80 -0.0004 -4.6065e-3 1.1042e-2 3.6448e-4
56.90 0.0004 -3.4473e-3 9.8177e-3 -3.6316e-4
57.00 0.0010 -2.3685e-3 8.7106e-3 -1.0484e-3
57.10 0.0017 -1.3690e-3 7.7176e-3 -1.6915e-3
57.20 0.0023 -4.4607e-4 6.8323e-3 -2.2934e-3
57.30 0.0029 4.0402e-4 6.0469e-3 -2.8552e-3
57.40 0.0034 1.1855e-3 5.3521e-3 -3.3783e-3
57.50 0.0039 1.9028e-3 4.7389e-3 -3.8641e-3
57.60 0.0043 2.5600e-3 4.1981e-3 -4.3143e-3
57.70 0.0047 3.1609e-3 3.7217e-3 -4.7302e-3
57.80 0.0051 3.7095e-3 3.3024e-3 -5.1136e-3
57.90 0.0055 4.2092e-3 2.9336e-3 -5.4660e-3
58.00 0.0058 4.6635e-3 2.6095e-3 -5.7892e-3
58.10 0.0061 5.0756e-3 2.3251e-3 -6.0847e-3
58.20 0.0064 5.4487e-3 2.0755e-3 -6.3542e-3
58.30 0.0066 5.7858e-3 1.8567e-3 -6.5992e-3
58.40 0.0068 6.0897e-3 1.6646e-3 -6.8214e-3
58.50 0.0070 6.3632e-3 1.4959e-3 -7.0223e-3
58.60 0.0072 6.6087e-3 1.3476e-3 -7.2033e-3
58.70 0.0074 6.8287e-3 1.2171e-3 -7.3660e-3
58.80 0.0075 7.0253e-3 1.1020e-3 -7.5114e-3
58.90 0.0077 7.2003e-3 1.0003e-3 -7.6409e-3
59.00 0.0078 7.3555e-3 9.1043e-4 -7.7555e-3
59.10 0.0079 7.4925e-3 8.3078e-4 -7.8563e-3
59.20 0.0080 7.6129e-3 7.6009e-4 -7.9442e-3
59.30 0.0081 7.7179e-3 6.9725e-4 -8.0202e-3
59.40 0.0081 7.8087e-3 6.4129e-4 -8.0850e-3
59.50 0.0082 7.8864e-3 5.9135e-4 -8.1394e-3
59.60 0.0082 7.9522e-3 5.4672e-4 -8.1842e-3
59.70 0.0083 8.0068e-3 5.0675e-4 -8.2200e-3
59.80 0.0083 8.0512e-3 4.7089e-4 -8.2474e-3
59.90 0.0083 8.0861e-3 4.3866e-4 -8.2670e-3
60.00 0.0083 8.1123e-3 4.0963e-4 -8.2794e-3
60.10 0.0083 8.1304e-3 3.8344e-4 -8.2851e-3
60.20 0.0083 8.1410e-3 3.5976e-4 -8.2845e-3
60.30 0.0083 8.1448e-3 3.3830e-4 -8.2781e-3
60.40 0.0083 8.1422e-3 3.1881e-4 -8.2662e-3
60.50 0.0083 8.1337e-3 3.0109e-4 -8.2493e-3
60.60 0.0083 8.1198e-3 2.8492e-4 -8.2277e-3
60.70 0.0082 8.1008e-3 2.7016e-4 -8.2018e-3
60.80 0.0082 8.0772e-3 2.5663e-4 -8.1719e-3
60.90 0.0082 8.0494e-3 2.4422e-4 -8.1383e-3
61.00 0.0081 8.0176e-3 2.3281e-4 -8.1012e-3
61.10 0.0081 7.9822e-3 2.2228e-4 -8.0610e-3
61.20 0.0081 7.9434e-3 2.1256e-4 -8.0178e-3
61.30 0.0080 7.9016e-3 2.0356e-4 -7.9719e-3
61.40 0.0080 7.8569e-3 1.9520e-4 -7.9234e-3
61.50 0.0079 7.8097e-3 1.8742e-4 -7.8727e-3
61.60 0.0079 7.7600e-3 1.8018e-4 -7.8199e-3
61.70 0.0078 7.7082e-3 1.7340e-4 -7.7652e-3
61.80 0.0077 7.6544e-3 1.6705e-4 -7.7087e-3
61.90 0.0077 7.5988e-3 1.6110e-4 -7.6505e-3
62.00 0.0076 7.5416e-3 1.5549e-4 -7.5909e-3
62.10 0.0076 7.4828e-3 1.5021e-4 -7.5300e-3
62.20 0.0075 7.4227e-3 1.4522e-4 -7.4679e-3
62.30 0.0074 7.3614e-3 1.4050e-4 -7.4047e-3
62.40 0.0074 7.2991e-3 1.3602e-4 -7.3405e-3
62.50 0.0073 7.2357e-3 1.3177e-4 -7.2755e-3
62.60 0.0072 7.1715e-3 1.2772e-4 -7.2097e-3
62.70 0.0072 7.1065e-3 1.2386e-4 -7.1433e-3
62.80 0.0071 7.0409e-3 1.2017e-4 -7.0763e-3
62.90 0.0070 6.9747e-3 1.1664e-4 -7.0088e-3
63.00 0.0070 6.9081e-3 1.1327e-4 -6.9410e-3
63.10 0.0069 6.8410e-3 1.1002e-4 -6.8727e-3
63.20 0.0068 6.7737e-3 1.0691e-4 -6.8043e-3
63.30 0.0068 6.7060e-3 1.0392e-4 -6.7356e-3
63.40 0.0067 6.6382e-3 1.0103e-4 -6.6668e-3
63.50 0.0066 6.5703e-3 9.8254e-5 -6.5980e-3
63.60 0.0066 6.5024e-3 9.5573e-5 -6.5291e-3
63.70 0.0065 6.4344e-3 9.2982e-5 -6.4603e-3
63.80 0.0064 6.3664e-3 9.0479e-5 -6.3915e-3
63.90 0.0063 6.2985e-3 8.8056e-5 -6.3228e-3
64.00 0.0063 6.2308e-3 8.5712e-5 -6.2543e-3
64.10 0.0062 6.1632e-3 8.3440e-5 -6.1861e-3
64.20 0.0061 6.0959e-3 8.1238e-5 -6.1180e-3
64.30 0.0061 6.0288e-3 7.9101e-5 -6.0502e-3
64.40 0.0060 5.9619e-3 7.7028e-5 -5.9827e-3
64.50 0.0059 5.8954e-3 7.5015e-5 -5.9156e-3
64.60 0.0059 5.8292e-3 7.3060e-5 -5.8488e-3
64.70 0.0058 5.7633e-3 7.1159e-5 -5.7823e-3
64.80 0.0057 5.6978e-3 6.9312e-5 -5.7163e-3
64.90 0.0057 5.6328e-3 6.7516e-5 -5.6507e-3
65.00 0.0056 5.5681e-3 6.5768e-5 -5.5856e-3
65.10 0.0055 5.5039e-3 6.4069e-5 -5.5209e-3
65.20 0.0055 5.4402e-3 6.2414e-5 -5.4567e-3
65.30 0.0054 5.3769e-3 6.0804e-5 -5.3930e-3
65.40 0.0053 5.3142e-3 5.9236e-5 -5.3297e-3
65.50 0.0053 5.2519e-3 5.7710e-5 -5.2670e-3
65.60 0.0052 5.1902e-3 5.6223e-5 -5.2049e-3
65.70 0.0052 5.1290e-3 5.4776e-5 -5.1432e-3
65.80 0.0051 5.0683e-3 5.3366e-5 -5.0822e-3
65.90 0.0050 5.0081e-3 5.1992e-5 -5.0216e-3
66.00 0.0050 4.9485e-3 5.0654e-5 -4.9617e-3
66.10 0.0049 4.8895e-3 4.9351e-5 -4.9023e-3
66.20 0.0049 4.8310e-3 4.8081e-5 -4.8434e-3
66.30 0.0048 4.7731e-3 4.6844e-5 -4.7852e-3
66.40 0.0047 4.7157e-3 4.5638e-5 -4.7275e-3
66.50 0.0047 4.6590e-3 4.4463e-5 -4.6704e-3
66.60 0.0046 4.6027e-3 4.3319e-5 -4.6138e-3
66.70 0.0046 4.5471e-3 4.2204e-5 -4.5579e-3
66.80 0.0045 4.4920e-3 4.1117e-5 -4.5025e-3
66.90 0.0045 4.4375e-3 4.0058e-5 -4.4477e-3
67.00 0.0044 4.3836e-3 3.9026e-5 -4.3936e-3
67.10 0.0043 4.3303e-3 3.8021e-5 -4.3399e-3
67.20 0.0043 4.2775e-3 3.7041e-5 -4.2869e-3
67.30 0.0042 4.2253e-3 3.6087e-5 -4.2345e-3
67.40 0.0042 4.1737e-3 3.5157e-5 -4.1826e-3
67.50 0.0041 4.1227e-3 3.4251e-5 -4.1313e-3
67.60 0.0041 4.0722e-3 3.3368e-5 -4.0806e-3
67.70 0.0040 4.0223e-3 3.2507e-5 -4.0305e-3
67.80 0.0040 3.9730e-3 3.1669e-5 -3.9810e-3
67.90 0.0039 3.9242e-3 3.0853e-5 -3.9320e-3
68.00 0.0039 3.8760e-3 3.0057e-5 -3.8836e-3
68.10 0.0038 3.8284e-3 2.9282e-5 -3.8357e-3
68.20 0.0038 3.7813e-3 2.8526e-5 -3.7884e-3
68.30 0.0037 3.7347e-3 2.7791e-5 -3.7417e-3
68.40 0.0037 3.6887e-3 2.7074e-5 -3.6955e-3
68.50 0.0037 3.6433e-3 2.6375e-5 -3.6498e-3
68.60 0.0036 3.5983e-3 2.5695e-5 -3.6047e-3
68.70 0.0036 3.5540e-3 2.5032e-5 -3.5602e-3
68.80 0.0035 3.5101e-3 2.4387e-5 -3.5161e-3
68.90 0.0035 3.4668e-3 2.3758e-5 -3.4726e-3
69.00 0.0034 3.4239e-3 2.3145e-5 -3.4297e-3
69.10 0.0034 3.3816e-3 2.2548e-5 -3.3872e-3
69.20 0.0034 3.3398e-3 2.1966e-5 -3.3453e-3
69.30 0.0033 3.2986e-3 2.1400e-5 -3.3038e-3
69.40 0.0033 3.2578e-3 2.0848e-5 -3.2629e-3
69.50 0.0032 3.2175e-3 2.0310e-5 -3.2225e-3
69.60 0.0032 3.1777e-3 1.9787e-5 -3.1825e-3
69.70 0.0031 3.1383e-3 1.9277e-5 -3.1431e-3
69.80 0.0031 3.0995e-3 1.8780e-5 -3.1041e-3
69.90 0.0031 3.0611e-3 1.8296e-5 -3.0656e-3
70.00 0.0030 3.0232e-3 1.7824e-5 -3.0276e-3
70.10 0.0030 2.9858e-3 1.7365e-5 -2.9900e-3
70.20 0.0030 2.9488e-3 1.6917e-5 -2.9530e-3
70.30 0.0029 2.9123e-3 1.6482e-5 -2.9163e-3
70.40 0.0029 2.8763e-3 1.6057e-5 -2.8802e-3
70.50 0.0028 2.8406e-3 1.5644e-5 -2.8444e-3
70.60 0.0028 2.8055e-3 1.5241e-5 -2.8091e-3
70.70 0.0028 2.7707e-3 1.4849e-5 -2.7743e-3
70.80 0.0027 2.7364e-3 1.4467e-5 -2.7399e-3
70.90 0.0027 2.7025e-3 1.4095e-5 -2.7059e-3
71.00 0.0027 2.6690e-3 1.3732e-5 -2.6724e-3
71.10 0.0026 2.6360e-3 1.3379e-5 -2.6392e-3
71.20 0.0026 2.6034e-3 1.3035e-5 -2.6065e-3
71.30 0.0026 2.5711e-3 1.2700e-5 -2.5742e-3
71.40 0.0025 2.5393e-3 1.2374e-5 -2.5423e-3
71.50 0.0025 2.5079e-3 1.2056e-5 -2.5108e-3
71.60 0.0025 2.4768e-3 1.1747e-5 -2.4796e-3
71.70 0.0025 2.4462e-3 1.1445e-5 -2.4489e-3
71.80 0.0024 2.4159e-3 1.1152e-5 -2.4185e-3
71.90 0.0024 2.3860e-3 1.0866e-5 -2.3886e-3
72.00 0.0024 2.3565e-3 1.0587e-5 -2.3590e-3
72.10 0.0023 2.3273e-3 1.0316e-5 -2.3298e-3
72.20 0.0023 2.2985e-3 1.0051e-5 -2.3009e-3
72.30 0.0023 2.2701e-3 9.7937e-6 -2.2724e-3
72.40 0.0022 2.2420e-3 9.5428e-6 -2.2443e-3
72.50 0.0022 2.2143e-3 9.2984e-6 -2.2165e-3
72.60 0.0022 2.1869e-3 9.0604e-6 -2.1890e-3
72.70 0.0022 2.1598e-3 8.8285e-6 -2.1619e-3
72.80 0.0021 2.1331e-3 8.6026e-6 -2.1352e-3
72.90 0.0021 2.1067e-3 8.3825e-6 -2.1087e-3
73.00 0.0021 2.0807e-3 8.1681e-6 -2.0826e-3
73.10 0.0021 2.0550e-3 7.9593e-6 -2.0569e-3
73.20 0.0020 2.0296e-3 7.7559e-6 -2.0314e-3
73.30 0.0020 2.0045e-3 7.5577e-6 -2.0063e-3
73.40 0.0020 1.9797e-3 7.3646e-6 -1.9814e-3
73.50 0.0020 1.9553e-3 7.1765e-6 -1.9569e-3
73.60 0.0019 1.9311e-3 6.9933e-6 -1.9327e-3
73.70 0.0019 1.9072e-3 6.8148e-6 -1.9088e-3
73.80 0.0019 1.8837e-3 6.6409e-6 -1.8852e-3
73.90 0.0019 1.8604e-3 6.4714e-6 -1.8619e-3
74.00 0.0018 1.8374e-3 6.3064e-6 -1.8389e-3
74.10 0.0018 1.8147e-3 6.1456e-6 -1.8162e-3
74.20 0.0018 1.7923e-3 5.9889e-6 -1.7937e-3
74.30 0.0018 1.7702e-3 5.8363e-6 -1.7715e-3
74.40 0.0018 1.7483e-3 5.6876e-6 -1.7496e-3
74.50 0.0017 1.7267e-3 5.5427e-6 -1.7280e-3
74.60 0.0017 1.7054e-3 5.4015e-6 -1.7067e-3
74.70 0.0017 1.6844e-3 5.2640e-6 -1.6856e-3
74.80 0.0017 1.6636e-3 5.1300e-6 -1.6648e-3
74.90 0.0016 1.6431e-3 4.9995e-6 -1.6442e-3
75.00 0.0016 1.6228e-3 4.8723e-6 -1.6239e-3
75.10 0.0016 1.6028e-3 4.7483e-6 -1.6038e-3
75.20 0.0016 1.5830e-3 4.6276e-6 -1.5840e-3
75.30 0.0016 1.5635e-3 4.5099e-6 -1.5645e-3
75.40 0.0015 1.5442e-3 4.3953e-6 -1.5452e-3
75.50 0.0015 1.5251e-3 4.2836e-6 -1.5261e-3
75.60 0.0015 1.5063e-3 4.1748e-6 -1.5073e-3
75.70 0.0015 1.4877e-3 4.0688e-6 -1.4887e-3
75.80 0.0015 1.4694e-3 3.9655e-6 -1.4703e-3
75.90 0.0015 1.4513e-3 3.8648e-6 -1.4522e-3
76.00 0.0014 1.4334e-3 3.7667e-6 -1.4342e-3
76.10 0.0014 1.4157e-3 3.6711e-6 -1.4166e-3
76.20 0.0014 1.3983e-3 3.5780e-6 -1.3991e-3
76.30 0.0014 1.3810e-3 3.4873e-6 -1.3818e-3
76.40 0.0014 1.3640e-3 3.3989e-6 -1.3648e-3
76.50 0.0013 1.3472e-3 3.3127e-6 -1.3480e-3
76.60 0.0013 1.3306e-3 3.2287e-6 -1.3313e-3
76.70 0.0013 1.3142e-3 3.1469e-6 -1.3149e-3
76.80 0.0013 1.2980e-3 3.0672e-6 -1.2987e-3
76.90 0.0013 1.2820e-3 2.9895e-6 -1.2827e-3
77.00 0.0013 1.2663e-3 2.9139e-6 -1.2669e-3
77.10 0.0013 1.2507e-3 2.8401e-6 -1.2513e-3
77.20 0.0012 1.2353e-3 2.7682e-6 -1.2359e-3
77.30 0.0012 1.2201e-3 2.6982e-6 -1.2207e-3
77.40 0.0012 1.2050e-3 2.6299e-6 -1.2056e-3
77.50 0.0012 1.1902e-3 2.5634e-6 -1.1908e-3
77.60 0.0012 1.1756e-3 2.4986e-6 -1.1761e-3
77.70 0.0012 1.1611e-3 2.4354e-6 -1.1616e-3
77.80 0.0011 1.1468e-3 2.3739e-6 -1.1473e-3
77.90 0.0011 1.1327e-3 2.3139e-6 -1.1332e-3
78.00 0.0011 1.1188e-3 2.2554e-6 -1.1193e-3
78.10 0.0011 1.1050e-3 2.1985e-6 -1.1055e-3
78.20 0.0011 1.0914e-3 2.1430e-6 -1.0919e-3
78.30 0.0011 1.0780e-3 2.0889e-6 -1.0784e-3
78.40 0.0011 1.0647e-3 2.0362e-6 -1.0652e-3
78.50 0.0011 1.0516e-3 1.9848e-6 -1.0521e-3
78.60 0.0010 1.0387e-3 1.9347e-6 -1.0391e-3
78.70 0.0010 1.0259e-3 1.8859e-6 -1.0263e-3
78.80 0.0010 1.0133e-3 1.8383e-6 -1.0137e-3
78.90 0.0010 1.0009e-3 1.7920e-6 -1.0013e-3
79.00 0.0010 9.8857e-4 1.7468e-6 -9.8895e-4
79.10 0.0010 9.7642e-4 1.7028e-6 -9.7679e-4
79.20 0.0010 9.6442e-4 1.6599e-6 -9.6479e-4
79.30 0.0010 9.5257e-4 1.6181e-6 -9.5293e-4
79.40 0.0009 9.4087e-4 1.5773e-6 -9.4122e-4
79.50 0.0009 9.2931e-4 1.5376e-6 -9.2965e-4
79.60 0.0009 9.1790e-4 1.4989e-6 -9.1823e-4
79.70 0.0009 9.0663e-4 1.4612e-6 -9.0695e-4
79.80 0.0009 8.9549e-4 1.4244e-6 -8.9580e-4
79.90 0.0009 8.8450e-4 1.3886e-6 -8.8480e-4
