176
Converted with Duello pdb2xyz.py with pdbs/1AMM_wo (https://github.com/mlund/pdb2xyz)
NTR -2.979 6.134 31.424
GLY -2.609 6.935 32.580
LYS -1.411 6.840 37.520
ILE 1.128 11.482 36.678
THR 1.254 11.720 41.137
PHE 1.799 15.986 39.490
TYR 3.618 14.256 45.050
GLU 3.051 20.991 46.606
ASP 6.609 19.171 48.884
ARG 12.181 18.445 47.588
GLY 9.425 13.012 48.546
PHE 7.261 11.344 46.741
GLN 5.993 14.346 51.191
GLY 2.242 16.764 50.371
HIS -1.511 18.938 47.703
CYS -1.176 15.279 45.916
TYR -3.880 16.161 40.395
GLU -4.074 10.940 40.443
CYS -3.137 13.215 35.779
SER -5.495 10.526 33.575
SER -5.268 13.396 31.267
ASP -4.144 15.737 28.126
CYS -4.062 19.366 32.199
PRO -4.482 22.526 30.027
ASN -4.441 24.730 34.224
LEU -2.008 21.291 36.520
GLN -2.228 26.648 37.905
PRO -6.094 24.520 39.795
TYR -6.117 20.702 40.018
PHE -0.317 21.286 41.447
SER 1.339 25.405 44.021
ARG 4.489 23.702 45.686
CYS 6.242 19.969 41.284
ASN 9.334 19.833 44.358
SER 7.707 15.364 43.589
ILE 6.809 13.428 39.832
ARG 5.300 8.090 42.307
VAL 5.259 8.021 36.507
ASP 2.289 4.867 38.258
SER 1.244 4.980 33.731
GLY 3.114 6.387 30.836
CYS 4.809 8.225 28.038
TRP 2.569 11.690 31.280
MET 6.233 16.237 27.670
LEU 5.751 17.637 32.077
TYR 4.432 21.234 28.961
GLU 7.509 26.348 33.045
ARG 4.239 28.757 30.352
PRO -0.022 27.233 31.385
ASN -2.010 26.217 27.285
TYR -0.050 22.174 26.737
GLN 3.369 27.566 26.811
GLY 7.787 26.341 28.156
HIS 11.437 25.152 30.416
GLN 8.967 21.022 26.909
TYR 10.350 19.506 31.842
PHE 10.091 12.344 28.317
LEU 8.545 12.232 32.635
ARG 10.438 7.207 30.281
ARG 7.383 3.246 33.613
GLY 8.709 6.571 38.034
ASP 10.037 7.191 41.660
TYR 10.770 11.120 38.498
PRO 12.580 12.442 44.301
ASP 14.316 16.544 43.148
TYR 13.682 20.513 40.467
GLN 17.658 18.079 40.091
GLN 16.104 13.369 39.259
TRP 11.522 16.656 36.778
MET 16.405 17.092 33.841
GLY 14.466 20.867 36.033
PHE 14.808 26.223 35.242
ASN 11.478 25.371 38.147
ASP 8.878 24.484 41.713
SER 6.796 25.076 37.460
ILE 4.739 21.455 36.598
ARG 2.001 26.326 36.253
SER 1.004 21.688 31.758
CYS -0.032 17.557 31.510
ARG 0.490 17.448 25.829
LEU -0.922 11.137 28.002
ILE 2.781 11.177 25.024
PRO 0.070 9.355 22.346
GLN 0.962 3.715 23.019
HIS 3.494 4.206 17.898
THR 3.417 0.344 18.397
GLY 6.613 0.368 15.780
THR 7.724 2.455 12.605
PHE 8.574 5.469 16.233
ARG 9.173 6.672 9.478
MET 11.642 12.182 12.285
ARG 10.873 12.632 6.222
ILE 15.868 15.873 9.306
TYR 13.786 18.494 5.742
GLU 19.976 21.681 5.386
ARG 17.541 24.647 3.439
ASP 12.958 26.852 6.119
ASP 9.498 25.161 3.642
PHE 9.716 20.463 4.692
ARG 14.097 24.894 1.800
GLY 17.179 20.598 1.437
GLN 20.224 16.691 2.500
MET 15.635 14.050 3.697
SER 17.529 13.037 6.773
GLU 14.078 8.697 6.948
ILE 15.324 9.738 11.672
THR 13.663 5.149 12.176
ASP 16.885 5.586 15.186
ASP 16.708 6.544 19.402
CYS 19.902 10.399 17.143
PRO 22.387 10.084 20.206
SER 24.570 12.670 17.713
LEU 22.032 14.916 14.827
GLN 27.781 16.770 15.452
ASP 28.324 11.914 15.728
ARG 23.344 9.448 12.816
PHE 23.109 13.131 10.135
HIS 28.614 15.543 10.003
LEU 23.734 18.277 11.249
THR 24.598 21.738 14.600
GLU 21.511 24.087 13.078
VAL 17.190 20.996 12.293
HIS 16.642 25.093 10.174
SER 12.691 21.618 8.876
LEU 10.783 18.564 11.522
ASN 7.679 15.613 8.586
VAL 6.543 13.776 12.451
LEU 5.575 10.676 9.012
GLU 5.233 7.178 11.542
GLY 5.032 9.087 16.110
SER 5.735 10.662 19.318
TRP 10.359 11.003 17.428
VAL 11.731 14.078 22.453
LEU 13.786 17.949 19.929
TYR 16.276 15.970 23.620
GLU 19.311 22.478 22.747
MET 22.227 20.208 24.199
PRO 24.032 16.393 22.285
SER 23.154 12.918 24.716
TYR 19.242 11.914 24.495
ARG 22.893 17.481 26.691
GLY 18.676 20.370 27.168
ARG 15.309 24.635 26.630
GLN 13.131 18.654 26.793
TYR 11.674 21.593 22.588
LEU 6.563 16.988 22.195
LEU 8.167 16.238 18.042
ARG 2.155 16.306 18.895
PRO 2.327 13.452 14.668
GLY 3.759 16.517 11.778
GLU 3.968 19.533 8.411
TYR 6.782 20.221 13.375
ARG 7.136 23.417 6.625
ARG 9.188 27.574 10.173
TYR 13.122 27.736 15.360
LEU 8.869 28.895 16.414
ASP 6.287 25.112 14.436
TRP 10.733 22.601 16.872
GLY 9.133 25.997 20.584
ALA 12.139 26.764 19.920
MET 14.552 30.594 22.139
ASN 17.393 27.506 18.967
ALA 17.918 25.387 15.328
LYS 20.730 24.505 19.153
VAL 18.923 19.681 16.829
GLY 21.226 16.919 18.985
SER 19.021 14.759 20.284
LEU 16.005 12.883 17.957
ARG 14.536 9.937 23.646
ARG 12.264 5.789 19.429
VAL 7.689 8.432 22.739
MET 9.610 3.883 22.803
ASP 6.919 2.592 27.704
PHE 11.086 1.850 30.012
CTR 6.870 -2.812 25.475
TYR 9.306 -3.067 28.439
