Residue  Mean  StdDev  StdError
ALA    70.311   30.455    3.999
ARG    91.373   75.789   17.864
ASN    86.573   42.155    8.790
ASP    77.661   41.639    5.421
CSS    17.558   22.536    3.187
CTR     0.000    0.000    0.000
GLN   118.064   61.892   12.634
GLU   118.928   46.608    6.017
GLY    42.462   18.698    3.116
HIS   172.739   37.946   14.342
ILE    79.603   49.957   10.901
LEU   111.672   51.315    8.436
LYS   162.046   40.367    9.515
MET   124.479   54.419   12.485
NTR     0.000    0.000    0.000
PHE   116.899   65.195   13.594
PRO    83.630   40.581    3.382
SER    72.653   37.465    4.270
THR    77.480   39.263    5.667
TYR   138.495   70.964   23.655
VAL    84.858   36.212    5.459
