Residue  Mean  StdDev  StdError
ALA     3.951    3.723    2.632
ARG    98.993   32.711    7.314
ASN    50.587   36.994   15.103
ASP    56.724   26.590    7.375
CTR     0.000    0.000    0.000
CYS     9.644   19.565    7.395
GLN    92.635   51.438   16.266
GLU    58.023   32.599   10.866
GLY    30.225   19.481    5.207
HIS    85.616   62.609   28.000
ILE     0.867    1.015    0.414
LEU    21.382   39.198   10.871
LYS    94.148    7.956    5.625
MET    68.668   58.715   22.192
NTR     0.000    0.000    0.000
PHE    45.774   52.453   17.484
PRO    70.488   22.108    7.816
SER    28.094   31.636    8.774
THR    65.301   37.715   16.867
TRP     2.256    2.931    1.466
TYR    50.843   67.028   17.307
VAL     0.601    0.866    0.354
