AA	Ratio_SASA	Prop_SD	Prop_SE
ALA	0.0561932	0.0582768	0.0375699
ARG	1.08339	0.967302	0.226431
ASN	0.584328	0.513375	0.184266
ASP	0.730405	0.520184	0.107785
CSS	0	0	0
CTR	0	0	0
CYS	0	0	0
GLN	0.784617	0.599163	0.161341
GLU	0.487883	0.334205	0.0946418
GLY	0.711813	0.555637	0.133289
HIS	0.495638	0.378449	0.167236
ILE	0.0108915	0.0144673	0.00541045
LEU	0.191471	0.361869	0.0984163
LYS	0.580996	0.152832	0.04867
MET	0.551643	0.529762	0.186667
NTR	0	0	0
PHE	0.391569	0.499023	0.156343
PRO	0.842855	0.486988	0.0994808
SER	0.386687	0.478925	0.122886
THR	0.842811	0.647577	0.226255
TRP	0	0	0
TYR	0.367111	0.519244	0.139814
VAL	0.00708242	0.0106434	0.00419648
