# R/Å F/kT U/kT
23.00 159.46 146.15
23.10 130.91 117.60
23.20 107.30 93.99
23.30 87.82 74.51
23.40 71.80 58.49
23.50 58.65 45.34
23.60 47.88 34.57
23.70 39.10 25.79
23.80 31.97 18.66
23.90 26.21 12.90
24.00 21.57 8.25
24.10 17.85 4.54
24.20 14.90 1.59
24.30 12.58 -0.73
24.40 10.76 -2.55
24.50 9.37 -3.94
24.60 8.31 -5.00
24.70 7.53 -5.78
24.80 6.97 -6.34
24.90 6.58 -6.73
25.00 6.33 -6.97
25.10 6.18 -7.09
25.20 6.09 -7.07
25.30 6.01 -6.92
25.40 5.87 -6.76
25.50 5.65 -6.70
25.60 5.36 -6.72
25.70 5.03 -6.80
25.80 4.68 -6.99
25.90 4.37 -7.22
26.00 4.13 -7.39
26.10 3.97 -7.45
26.20 3.87 -7.38
26.30 3.81 -7.22
26.40 3.76 -6.99
26.50 3.71 -6.71
26.60 3.65 -6.40
26.70 3.56 -6.10
26.80 3.45 -5.83
26.90 3.30 -5.63
27.00 3.14 -5.52
27.10 2.96 -5.48
27.20 2.80 -5.46
27.30 2.64 -5.45
27.40 2.49 -5.44
27.50 2.35 -5.44
27.60 2.22 -5.43
27.70 2.10 -5.43
27.80 1.99 -5.40
27.90 1.90 -5.34
28.00 1.81 -5.25
28.10 1.73 -5.16
28.20 1.64 -5.07
28.30 1.56 -4.98
28.40 1.47 -4.92
28.50 1.37 -4.87
28.60 1.27 -4.86
28.70 1.17 -4.88
28.80 1.07 -4.90
28.90 0.98 -4.91
29.00 0.89 -4.93
29.10 0.80 -4.96
29.20 0.72 -4.99
29.30 0.64 -5.01
29.40 0.58 -5.00
29.50 0.53 -4.96
29.60 0.49 -4.90
29.70 0.45 -4.83
29.80 0.41 -4.77
29.90 0.38 -4.73
30.00 0.34 -4.68
30.10 0.32 -4.63
30.20 0.29 -4.57
30.30 0.26 -4.52
30.40 0.24 -4.47
30.50 0.21 -4.44
30.60 0.19 -4.41
30.70 0.16 -4.39
30.80 0.14 -4.36
30.90 0.12 -4.32
31.00 0.11 -4.27
31.10 0.09 -4.20
31.20 0.08 -4.12
31.30 0.07 -4.05
31.40 0.06 -3.98
31.50 0.05 -3.91
31.60 0.04 -3.84
31.70 0.03 -3.78
31.80 0.02 -3.72
31.90 0.01 -3.68
32.00 -0.01 -3.64
32.10 -0.02 -3.62
32.20 -0.04 -3.59
32.30 -0.05 -3.55
32.40 -0.06 -3.50
32.50 -0.07 -3.44
32.60 -0.08 -3.39
32.70 -0.08 -3.35
32.80 -0.09 -3.30
32.90 -0.10 -3.26
33.00 -0.11 -3.23
33.10 -0.12 -3.20
33.20 -0.14 -3.19
33.30 -0.15 -3.17
33.40 -0.17 -3.15
33.50 -0.18 -3.12
33.60 -0.19 -3.09
33.70 -0.20 -3.05
33.80 -0.21 -3.02
33.90 -0.22 -2.98
34.00 -0.23 -2.95
34.10 -0.24 -2.92
34.20 -0.25 -2.91
34.30 -0.26 -2.90
34.40 -0.28 -2.89
34.50 -0.29 -2.87
34.60 -0.30 -2.85
34.70 -0.31 -2.83
34.80 -0.32 -2.80
34.90 -0.33 -2.78
35.00 -0.33 -2.76
35.10 -0.34 -2.73
35.20 -0.35 -2.70
35.30 -0.36 -2.68
35.40 -0.37 -2.67
35.50 -0.37 -2.65
35.60 -0.38 -2.64
35.70 -0.39 -2.62
35.80 -0.40 -2.61
35.90 -0.40 -2.59
36.00 -0.41 -2.57
36.10 -0.42 -2.55
36.20 -0.43 -2.54
36.30 -0.43 -2.53
36.40 -0.44 -2.52
36.50 -0.44 -2.50
36.60 -0.45 -2.48
36.70 -0.45 -2.45
36.80 -0.45 -2.43
36.90 -0.45 -2.40
37.00 -0.45 -2.38
37.10 -0.45 -2.36
37.20 -0.46 -2.34
37.30 -0.46 -2.33
37.40 -0.47 -2.33
37.50 -0.47 -2.33
37.60 -0.48 -2.33
37.70 -0.48 -2.33
37.80 -0.49 -2.32
37.90 -0.49 -2.30
38.00 -0.49 -2.27
38.10 -0.49 -2.24
38.20 -0.49 -2.20
38.30 -0.49 -2.17
38.40 -0.49 -2.15
38.50 -0.49 -2.12
38.60 -0.48 -2.09
38.70 -0.49 -2.07
38.80 -0.49 -2.06
38.90 -0.49 -2.04
39.00 -0.49 -2.01
39.10 -0.49 -1.99
39.20 -0.48 -1.96
39.30 -0.48 -1.93
39.40 -0.48 -1.91
39.50 -0.48 -1.89
39.60 -0.48 -1.87
39.70 -0.48 -1.85
39.80 -0.48 -1.83
39.90 -0.48 -1.80
40.00 -0.48 -1.78
40.10 -0.48 -1.76
40.20 -0.48 -1.75
40.30 -0.48 -1.73
40.40 -0.48 -1.72
40.50 -0.48 -1.71
40.60 -0.48 -1.70
40.70 -0.48 -1.68
40.80 -0.48 -1.66
40.90 -0.47 -1.63
41.00 -0.47 -1.60
41.10 -0.47 -1.58
41.20 -0.46 -1.55
41.30 -0.46 -1.53
41.40 -0.46 -1.51
41.50 -0.45 -1.49
41.60 -0.45 -1.47
41.70 -0.45 -1.45
41.80 -0.45 -1.43
41.90 -0.44 -1.41
42.00 -0.44 -1.40
42.10 -0.44 -1.39
42.20 -0.44 -1.38
42.30 -0.44 -1.38
42.40 -0.43 -1.38
42.50 -0.43 -1.38
42.60 -0.43 -1.36
42.70 -0.42 -1.34
42.80 -0.42 -1.31
42.90 -0.41 -1.28
43.00 -0.41 -1.25
43.10 -0.40 -1.23
43.20 -0.40 -1.21
43.30 -0.39 -1.18
43.40 -0.39 -1.16
43.50 -0.38 -1.14
43.60 -0.38 -1.12
43.70 -0.38 -1.11
43.80 -0.37 -1.10
43.90 -0.37 -1.08
44.00 -0.37 -1.07
44.10 -0.36 -1.05
44.20 -0.36 -1.04
44.30 -0.35 -1.02
44.40 -0.35 -1.00
44.50 -0.34 -0.98
44.60 -0.34 -0.96
44.70 -0.33 -0.95
44.80 -0.33 -0.93
44.90 -0.32 -0.92
45.00 -0.32 -0.90
45.10 -0.31 -0.89
45.20 -0.31 -0.88
45.30 -0.31 -0.87
45.40 -0.30 -0.85
45.50 -0.30 -0.84
45.60 -0.29 -0.82
45.70 -0.29 -0.80
45.80 -0.29 -0.79
45.90 -0.28 -0.78
46.00 -0.28 -0.77
46.10 -0.27 -0.75
46.20 -0.27 -0.74
46.30 -0.27 -0.72
46.40 -0.26 -0.71
46.50 -0.26 -0.70
46.60 -0.25 -0.69
46.70 -0.25 -0.68
46.80 -0.25 -0.67
46.90 -0.24 -0.66
47.00 -0.24 -0.65
47.10 -0.23 -0.64
47.20 -0.23 -0.63
47.30 -0.22 -0.61
47.40 -0.22 -0.59
47.50 -0.21 -0.58
47.60 -0.21 -0.56
47.70 -0.20 -0.55
47.80 -0.20 -0.53
47.90 -0.20 -0.52
48.00 -0.19 -0.51
48.10 -0.19 -0.50
48.20 -0.18 -0.48
48.30 -0.18 -0.47
48.40 -0.18 -0.46
48.50 -0.17 -0.45
48.60 -0.17 -0.44
48.70 -0.17 -0.43
48.80 -0.16 -0.42
48.90 -0.16 -0.42
49.00 -0.16 -0.41
49.10 -0.16 -0.41
49.20 -0.15 -0.41
49.30 -0.15 -0.40
49.40 -0.15 -0.39
49.50 -0.14 -0.38
49.60 -0.14 -0.37
49.70 -0.14 -0.36
49.80 -0.13 -0.35
49.90 -0.13 -0.34
50.00 -0.12 -0.33
50.10 -0.12 -0.32
50.20 -0.12 -0.31
50.30 -0.11 -0.30
50.40 -0.11 -0.29
50.50 -0.11 -0.28
50.60 -0.10 -0.27
50.70 -0.10 -0.26
50.80 -0.10 -0.25
50.90 -0.09 -0.25
51.00 -0.09 -0.24
51.10 -0.09 -0.24
51.20 -0.09 -0.24
51.30 -0.09 -0.23
51.40 -0.08 -0.23
51.50 -0.08 -0.22
51.60 -0.08 -0.22
51.70 -0.08 -0.21
51.80 -0.07 -0.20
51.90 -0.07 -0.19
52.00 -0.07 -0.19
52.10 -0.07 -0.18
52.20 -0.07 -0.18
52.30 -0.06 -0.17
52.40 -0.06 -0.16
52.50 -0.06 -0.16
52.60 -0.06 -0.15
52.70 -0.06 -0.15
52.80 -0.05 -0.14
52.90 -0.05 -0.14
53.00 -0.05 -0.13
53.10 -0.05 -0.12
53.20 -0.05 -0.12
53.30 -0.04 -0.12
53.40 -0.04 -0.11
53.50 -0.04 -0.11
53.60 -0.04 -0.11
53.70 -0.04 -0.10
53.80 -0.04 -0.10
53.90 -0.03 -0.10
54.00 -0.03 -0.09
54.10 -0.03 -0.09
54.20 -0.03 -0.09
54.30 -0.03 -0.08
54.40 -0.03 -0.08
54.50 -0.02 -0.07
54.60 -0.02 -0.07
54.70 -0.02 -0.06
54.80 -0.02 -0.06
54.90 -0.02 -0.05
55.00 -0.02 -0.05
55.10 -0.01 -0.05
55.20 -0.01 -0.04
55.30 -0.01 -0.04
55.40 -0.01 -0.04
55.50 -0.01 -0.03
55.60 -0.01 -0.03
55.70 -0.01 -0.03
55.80 -0.01 -0.02
55.90 -0.00 -0.02
56.00 -0.00 -0.02
56.10 -0.00 -0.02
56.20 -0.00 -0.02
56.30 -0.00 -0.01
56.40 -0.00 -0.01
56.50 0.00 -0.01
56.60 0.00 -0.01
56.70 0.00 -0.01
56.80 0.00 -0.01
56.90 0.00 -0.00
57.00 0.00 -0.00
57.10 0.00 -0.00
57.20 0.01 -0.00
57.30 0.01 0.00
57.40 0.01 0.00
57.50 0.01 0.00
57.60 0.01 0.00
57.70 0.01 0.00
57.80 0.01 0.00
57.90 0.01 0.01
58.00 0.01 0.01
58.10 0.01 0.01
58.20 0.01 0.01
58.30 0.01 0.01
58.40 0.01 0.01
58.50 0.01 0.01
58.60 0.01 0.01
58.70 0.01 0.01
58.80 0.01 0.01
58.90 0.01 0.01
59.00 0.01 0.01
59.10 0.01 0.01
59.20 0.01 0.01
59.30 0.01 0.01
59.40 0.01 0.01
59.50 0.01 0.01
59.60 0.01 0.01
59.70 0.01 0.01
59.80 0.01 0.01
59.90 0.01 0.01
60.00 0.01 0.01
60.10 0.01 0.01
60.20 0.01 0.01
60.30 0.01 0.01
60.40 0.01 0.01
60.50 0.01 0.01
60.60 0.01 0.01
60.70 0.01 0.01
60.80 0.01 0.01
60.90 0.01 0.01
61.00 0.01 0.01
61.10 0.01 0.01
61.20 0.01 0.01
61.30 0.01 0.01
61.40 0.01 0.01
61.50 0.01 0.01
61.60 0.01 0.01
61.70 0.01 0.01
61.80 0.01 0.01
61.90 0.01 0.01
62.00 0.01 0.01
62.10 0.01 0.01
62.20 0.01 0.01
62.30 0.01 0.01
62.40 0.01 0.01
62.50 0.01 0.01
62.60 0.01 0.01
62.70 0.01 0.01
62.80 0.01 0.01
62.90 0.01 0.01
63.00 0.01 0.01
63.10 0.01 0.01
63.20 0.01 0.01
63.30 0.01 0.01
63.40 0.01 0.01
63.50 0.01 0.01
63.60 0.01 0.01
63.70 0.01 0.01
63.80 0.01 0.01
63.90 0.01 0.01
64.00 0.01 0.01
64.10 0.01 0.01
64.20 0.01 0.01
64.30 0.01 0.01
64.40 0.01 0.01
64.50 0.01 0.01
64.60 0.01 0.01
64.70 0.01 0.01
64.80 0.01 0.01
64.90 0.01 0.01
65.00 0.01 0.01
65.10 0.01 0.01
65.20 0.01 0.01
65.30 0.01 0.01
65.40 0.01 0.01
65.50 0.01 0.01
65.60 0.01 0.01
65.70 0.01 0.01
65.80 0.01 0.01
65.90 0.01 0.01
66.00 0.01 0.01
66.10 0.01 0.01
66.20 0.01 0.01
66.30 0.01 0.01
66.40 0.01 0.01
66.50 0.01 0.01
66.60 0.01 0.01
66.70 0.01 0.01
66.80 0.01 0.01
66.90 0.01 0.01
67.00 0.01 0.01
67.10 0.01 0.01
67.20 0.01 0.01
67.30 0.01 0.01
67.40 0.01 0.01
67.50 0.01 0.01
67.60 0.01 0.01
67.70 0.01 0.01
67.80 0.01 0.00
67.90 0.01 0.00
68.00 0.00 0.00
68.10 0.00 0.00
68.20 0.00 0.00
68.30 0.00 0.00
68.40 0.00 0.00
68.50 0.00 0.00
68.60 0.00 0.00
68.70 0.00 0.00
68.80 0.00 0.00
68.90 0.00 0.00
69.00 0.00 0.00
69.10 0.00 0.00
69.20 0.00 0.00
69.30 0.00 0.00
69.40 0.00 0.00
69.50 0.00 0.00
69.60 0.00 0.00
69.70 0.00 0.00
69.80 0.00 0.00
69.90 0.00 0.00
70.00 0.00 0.00
70.10 0.00 0.00
70.20 0.00 0.00
70.30 0.00 0.00
70.40 0.00 0.00
70.50 0.00 0.00
70.60 0.00 0.00
70.70 0.00 0.00
70.80 0.00 0.00
70.90 0.00 0.00
71.00 0.00 0.00
71.10 0.00 0.00
71.20 0.00 0.00
71.30 0.00 0.00
71.40 0.00 0.00
71.50 0.00 0.00
71.60 0.00 0.00
71.70 0.00 0.00
71.80 0.00 0.00
71.90 0.00 0.00
72.00 0.00 0.00
72.10 0.00 0.00
72.20 0.00 0.00
72.30 0.00 0.00
72.40 0.00 0.00
72.50 0.00 0.00
72.60 0.00 0.00
72.70 0.00 0.00
72.80 0.00 0.00
72.90 0.00 0.00
73.00 0.00 0.00
73.10 0.00 0.00
73.20 0.00 0.00
73.30 0.00 0.00
73.40 0.00 0.00
73.50 0.00 0.00
73.60 0.00 0.00
73.70 0.00 0.00
73.80 0.00 0.00
73.90 0.00 0.00
74.00 0.00 0.00
74.10 0.00 0.00
74.20 0.00 0.00
74.30 0.00 0.00
74.40 0.00 0.00
74.50 0.00 0.00
74.60 0.00 0.00
74.70 0.00 0.00
74.80 0.00 0.00
74.90 0.00 0.00
75.00 0.00 0.00
75.10 0.00 0.00
75.20 0.00 0.00
75.30 0.00 0.00
75.40 0.00 0.00
75.50 0.00 0.00
75.60 0.00 0.00
75.70 0.00 0.00
75.80 0.00 0.00
75.90 0.00 0.00
76.00 0.00 0.00
76.10 0.00 0.00
76.20 0.00 0.00
76.30 0.00 0.00
76.40 0.00 0.00
76.50 0.00 0.00
76.60 0.00 0.00
76.70 0.00 0.00
76.80 0.00 0.00
76.90 0.00 0.00
77.00 0.00 0.00
77.10 0.00 0.00
77.20 0.00 0.00
77.30 0.00 0.00
77.40 0.00 0.00
77.50 0.00 0.00
77.60 0.00 0.00
77.70 0.00 0.00
77.80 0.00 0.00
77.90 0.00 0.00
78.00 0.00 0.00
78.10 0.00 0.00
78.20 0.00 0.00
78.30 0.00 0.00
78.40 0.00 0.00
78.50 0.00 0.00
78.60 0.00 0.00
78.70 0.00 0.00
78.80 0.00 0.00
78.90 0.00 0.00
79.00 0.00 0.00
79.10 0.00 0.00
79.20 0.00 0.00
79.30 0.00 0.00
79.40 0.00 0.00
79.50 0.00 0.00
79.60 0.00 0.00
79.70 0.00 0.00
79.80 0.00 0.00
79.90 0.00 0.00
