# R/Å F/kT U/kT C/R <exp(-u/kT)-1>
23.00 353.3126 3.4001e2 0.0000e0 -1.0000e0
23.10 294.8301 2.8153e2 9.8079e-12 -1.0000e0
23.20 246.9173 2.3361e2 0.0000e0 -1.0000e0
23.30 207.5407 1.9424e2 0.0000e0 -1.0000e0
23.40 175.0943 1.6179e2 -9.8079e-12 -1.0000e0
23.50 148.2997 1.3500e2 0.0000e0 -1.0000e0
23.60 126.1274 1.1282e2 0.0000e0 -1.0000e0
23.70 107.7492 9.4445e1 0.0000e0 -1.0000e0
23.80 92.4939 7.9190e1 1.2260e-12 -1.0000e0
23.90 79.8122 6.6508e1 4.8333e-8 -1.0000e0
24.00 69.2560 5.5952e1 1.6996e-4 -1.0000e0
24.10 60.4572 4.7159e1 3.6652e-2 -1.0000e0
24.20 53.0393 4.0021e1 5.8995e-1 -1.0000e0
24.30 45.7093 3.3414e1 3.7472e-1 -1.0000e0
24.40 38.3509 2.5935e1 4.8443e-1 -1.0000e0
24.50 32.2829 1.9859e1 3.2865e-1 -1.0000e0
24.60 27.4701 1.5040e1 3.4856e-1 -1.0000e0
24.70 23.6940 1.1260e1 4.2930e-1 -1.0000e0
24.80 20.7488 8.3274e0 5.1911e-1 -1.0000e0
24.90 18.4580 6.0771e0 6.0607e-1 -1.0000e0
25.00 16.6735 4.3709e0 6.8653e-1 -1.0000e0
25.10 15.2738 3.0938e0 7.3266e-1 -1.0000e0
25.20 14.1602 2.1358e0 6.9780e-1 -1.0000e0
25.30 13.2590 1.3939e0 6.1954e-1 -1.0000e0
25.40 12.5207 8.0318e-1 6.2548e-1 -1.0000e0
25.50 11.9086 3.4760e-1 7.6974e-1 -9.9999e-1
25.60 11.3901 2.5695e-2 9.5525e-1 -9.9999e-1
25.70 10.9328 -1.9260e-1 1.0620e0 -9.9998e-1
25.80 10.5122 -3.5503e-1 1.1066e0 -9.9997e-1
25.90 10.1136 -4.9010e-1 1.1764e0 -9.9996e-1
26.00 9.7303 -6.0048e-1 1.2624e0 -9.9994e-1
26.10 9.3587 -6.9118e-1 1.2949e0 -9.9991e-1
26.20 8.9978 -7.7643e-1 1.2644e0 -9.9988e-1
26.30 8.6496 -8.6709e-1 1.2199e0 -9.9982e-1
26.40 8.3168 -9.6453e-1 1.1968e0 -9.9976e-1
26.50 8.0031 -1.0636e0 1.1941e0 -9.9967e-1
26.60 7.7118 -1.1586e0 1.1987e0 -9.9955e-1
26.70 7.4455 -1.2429e0 1.2073e0 -9.9942e-1
26.80 7.2048 -1.3081e0 1.2249e0 -9.9926e-1
26.90 6.9873 -1.3462e0 1.2492e0 -9.9908e-1
27.00 6.7875 -1.3563e0 1.2605e0 -9.9887e-1
27.10 6.5986 -1.3464e0 1.2383e0 -9.9864e-1
27.20 6.4155 -1.3297e0 1.1871e0 -9.9836e-1
27.30 6.2358 -1.3165e0 1.1322e0 -9.9804e-1
27.40 6.0584 -1.3097e0 1.0939e0 -9.9766e-1
27.50 5.8833 -1.3082e0 1.0747e0 -9.9721e-1
27.60 5.7105 -1.3107e0 1.0664e0 -9.9669e-1
27.70 5.5406 -1.3171e0 1.0637e0 -9.9608e-1
27.80 5.3745 -1.3267e0 1.0661e0 -9.9537e-1
27.90 5.2136 -1.3377e0 1.0727e0 -9.9456e-1
28.00 5.0588 -1.3477e0 1.0806e0 -9.9365e-1
28.10 4.9110 -1.3548e0 1.0875e0 -9.9264e-1
28.20 4.7702 -1.3575e0 1.0929e0 -9.9152e-1
28.30 4.6358 -1.3559e0 1.0954e0 -9.9030e-1
28.40 4.5069 -1.3508e0 1.0925e0 -9.8897e-1
28.50 4.3826 -1.3441e0 1.0855e0 -9.8751e-1
28.60 4.2627 -1.3371e0 1.0790e0 -9.8592e-1
28.70 4.1472 -1.3296e0 1.0766e0 -9.8419e-1
28.80 4.0360 -1.3202e0 1.0770e0 -9.8233e-1
28.90 3.9292 -1.3073e0 1.0748e0 -9.8034e-1
29.00 3.8264 -1.2910e0 1.0643e0 -9.7821e-1
29.10 3.7269 -1.2723e0 1.0442e0 -9.7593e-1
29.20 3.6306 -1.2531e0 1.0173e0 -9.7350e-1
29.30 3.5371 -1.2345e0 9.8721e-1 -9.7090e-1
29.40 3.4465 -1.2174e0 9.5684e-1 -9.6814e-1
29.50 3.3588 -1.2020e0 9.2839e-1 -9.6522e-1
29.60 3.2741 -1.1882e0 9.0266e-1 -9.6215e-1
29.70 3.1924 -1.1760e0 8.7940e-1 -9.5893e-1
29.80 3.1138 -1.1653e0 8.5886e-1 -9.5557e-1
29.90 3.0384 -1.1560e0 8.4224e-1 -9.5209e-1
30.00 2.9662 -1.1474e0 8.3033e-1 -9.4850e-1
30.10 2.8974 -1.1387e0 8.2237e-1 -9.4483e-1
30.20 2.8314 -1.1293e0 8.1655e-1 -9.4107e-1
30.30 2.7680 -1.1196e0 8.1231e-1 -9.3721e-1
30.40 2.7068 -1.1099e0 8.1037e-1 -9.3325e-1
30.50 2.6476 -1.1001e0 8.1076e-1 -9.2918e-1
30.60 2.5903 -1.0894e0 8.1138e-1 -9.2500e-1
30.70 2.5349 -1.0774e0 8.0859e-1 -9.2073e-1
30.80 2.4812 -1.0641e0 7.9980e-1 -9.1635e-1
30.90 2.4289 -1.0502e0 7.8544e-1 -9.1186e-1
31.00 2.3778 -1.0365e0 7.6868e-1 -9.0725e-1
31.10 2.3281 -1.0236e0 7.5320e-1 -9.0251e-1
31.20 2.2795 -1.0111e0 7.4086e-1 -8.9766e-1
31.30 2.2320 -9.9880e-1 7.3092e-1 -8.9269e-1
31.40 2.1855 -9.8639e-1 7.2157e-1 -8.8758e-1
31.50 2.1397 -9.7426e-1 7.1173e-1 -8.8231e-1
31.60 2.0946 -9.6290e-1 7.0171e-1 -8.7688e-1
31.70 2.0501 -9.5262e-1 6.9249e-1 -8.7128e-1
31.80 2.0064 -9.4338e-1 6.8474e-1 -8.6553e-1
31.90 1.9636 -9.3486e-1 6.7841e-1 -8.5964e-1
32.00 1.9217 -9.2680e-1 6.7320e-1 -8.5364e-1
32.10 1.8808 -9.1911e-1 6.6905e-1 -8.4753e-1
32.20 1.8408 -9.1179e-1 6.6611e-1 -8.4131e-1
32.30 1.8017 -9.0478e-1 6.6430e-1 -8.3498e-1
32.40 1.7635 -8.9799e-1 6.6323e-1 -8.2855e-1
32.50 1.7261 -8.9130e-1 6.6239e-1 -8.2203e-1
32.60 1.6896 -8.8462e-1 6.6130e-1 -8.1541e-1
32.70 1.6540 -8.7787e-1 6.5968e-1 -8.0871e-1
32.80 1.6191 -8.7102e-1 6.5753e-1 -8.0192e-1
32.90 1.5850 -8.6402e-1 6.5505e-1 -7.9506e-1
33.00 1.5517 -8.5680e-1 6.5235e-1 -7.8811e-1
33.10 1.5190 -8.4943e-1 6.4944e-1 -7.8106e-1
33.20 1.4868 -8.4207e-1 6.4644e-1 -7.7390e-1
33.30 1.4551 -8.3480e-1 6.4348e-1 -7.6662e-1
33.40 1.4239 -8.2757e-1 6.4045e-1 -7.5922e-1
33.50 1.3932 -8.2024e-1 6.3687e-1 -7.5172e-1
33.60 1.3631 -8.1270e-1 6.3218e-1 -7.4414e-1
33.70 1.3336 -8.0492e-1 6.2605e-1 -7.3647e-1
33.80 1.3047 -7.9694e-1 6.1861e-1 -7.2874e-1
33.90 1.2764 -7.8878e-1 6.1025e-1 -7.2097e-1
34.00 1.2489 -7.8038e-1 6.0117e-1 -7.1318e-1
34.10 1.2221 -7.7171e-1 5.9142e-1 -7.0539e-1
34.20 1.1960 -7.6276e-1 5.8123e-1 -6.9761e-1
34.30 1.1707 -7.5356e-1 5.7109e-1 -6.8985e-1
34.40 1.1461 -7.4409e-1 5.6114e-1 -6.8214e-1
34.50 1.1223 -7.3429e-1 5.5092e-1 -6.7447e-1
34.60 1.0992 -7.2411e-1 5.3989e-1 -6.6687e-1
34.70 1.0769 -7.1362e-1 5.2815e-1 -6.5934e-1
34.80 1.0552 -7.0288e-1 5.1615e-1 -6.5188e-1
34.90 1.0342 -6.9188e-1 5.0412e-1 -6.4450e-1
35.00 1.0139 -6.8064e-1 4.9207e-1 -6.3721e-1
35.10 0.9942 -6.6917e-1 4.7987e-1 -6.2999e-1
35.20 0.9751 -6.5758e-1 4.6760e-1 -6.2283e-1
35.30 0.9564 -6.4601e-1 4.5546e-1 -6.1572e-1
35.40 0.9381 -6.3459e-1 4.4375e-1 -6.0864e-1
35.50 0.9202 -6.2347e-1 4.3281e-1 -6.0156e-1
35.60 0.9026 -6.1273e-1 4.2290e-1 -5.9449e-1
35.70 0.8853 -6.0236e-1 4.1404e-1 -5.8741e-1
35.80 0.8683 -5.9234e-1 4.0603e-1 -5.8032e-1
35.90 0.8515 -5.8266e-1 3.9859e-1 -5.7322e-1
36.00 0.8350 -5.7331e-1 3.9160e-1 -5.6613e-1
36.10 0.8189 -5.6425e-1 3.8508e-1 -5.5906e-1
36.20 0.8031 -5.5535e-1 3.7898e-1 -5.5204e-1
36.30 0.7876 -5.4650e-1 3.7315e-1 -5.4509e-1
36.40 0.7726 -5.3762e-1 3.6744e-1 -5.3821e-1
36.50 0.7580 -5.2867e-1 3.6178e-1 -5.3140e-1
36.60 0.7437 -5.1965e-1 3.5609e-1 -5.2466e-1
36.70 0.7297 -5.1063e-1 3.5030e-1 -5.1797e-1
36.80 0.7160 -5.0167e-1 3.4442e-1 -5.1131e-1
36.90 0.7025 -4.9285e-1 3.3861e-1 -5.0467e-1
37.00 0.6892 -4.8421e-1 3.3300e-1 -4.9803e-1
37.10 0.6761 -4.7580e-1 3.2766e-1 -4.9139e-1
37.20 0.6631 -4.6766e-1 3.2260e-1 -4.8474e-1
37.30 0.6502 -4.5984e-1 3.1789e-1 -4.7808e-1
37.40 0.6376 -4.5232e-1 3.1357e-1 -4.7142e-1
37.50 0.6251 -4.4504e-1 3.0968e-1 -4.6478e-1
37.60 0.6128 -4.3792e-1 3.0611e-1 -4.5817e-1
37.70 0.6008 -4.3087e-1 3.0266e-1 -4.5160e-1
37.80 0.5889 -4.2385e-1 2.9913e-1 -4.4508e-1
37.90 0.5773 -4.1688e-1 2.9544e-1 -4.3858e-1
38.00 0.5658 -4.1002e-1 2.9169e-1 -4.3212e-1
38.10 0.5546 -4.0331e-1 2.8803e-1 -4.2567e-1
38.20 0.5434 -3.9674e-1 2.8458e-1 -4.1925e-1
38.30 0.5325 -3.9029e-1 2.8132e-1 -4.1287e-1
38.40 0.5218 -3.8394e-1 2.7816e-1 -4.0652e-1
38.50 0.5112 -3.7767e-1 2.7504e-1 -4.0023e-1
38.60 0.5009 -3.7146e-1 2.7194e-1 -3.9399e-1
38.70 0.4907 -3.6527e-1 2.6885e-1 -3.8783e-1
38.80 0.4808 -3.5905e-1 2.6574e-1 -3.8173e-1
38.90 0.4711 -3.5280e-1 2.6251e-1 -3.7571e-1
39.00 0.4616 -3.4654e-1 2.5911e-1 -3.6974e-1
39.10 0.4523 -3.4030e-1 2.5556e-1 -3.6382e-1
39.20 0.4431 -3.3414e-1 2.5199e-1 -3.5794e-1
39.30 0.4340 -3.2808e-1 2.4852e-1 -3.5208e-1
39.40 0.4250 -3.2211e-1 2.4518e-1 -3.4624e-1
39.50 0.4162 -3.1625e-1 2.4192e-1 -3.4042e-1
39.60 0.4074 -3.1053e-1 2.3871e-1 -3.3460e-1
39.70 0.3987 -3.0498e-1 2.3557e-1 -3.2878e-1
39.80 0.3900 -2.9962e-1 2.3257e-1 -3.2297e-1
39.90 0.3815 -2.9447e-1 2.2977e-1 -3.1718e-1
40.00 0.3731 -2.8949e-1 2.2725e-1 -3.1142e-1
40.10 0.3649 -2.8464e-1 2.2499e-1 -3.0570e-1
40.20 0.3567 -2.7987e-1 2.2287e-1 -3.0004e-1
40.30 0.3488 -2.7515e-1 2.2079e-1 -2.9444e-1
40.40 0.3409 -2.7047e-1 2.1873e-1 -2.8890e-1
40.50 0.3333 -2.6583e-1 2.1674e-1 -2.8342e-1
40.60 0.3257 -2.6121e-1 2.1482e-1 -2.7801e-1
40.70 0.3184 -2.5659e-1 2.1286e-1 -2.7265e-1
40.80 0.3111 -2.5194e-1 2.1070e-1 -2.6736e-1
40.90 0.3040 -2.4727e-1 2.0824e-1 -2.6213e-1
41.00 0.2970 -2.4261e-1 2.0550e-1 -2.5696e-1
41.10 0.2902 -2.3798e-1 2.0256e-1 -2.5186e-1
41.20 0.2834 -2.3341e-1 1.9948e-1 -2.4681e-1
41.30 0.2768 -2.2892e-1 1.9639e-1 -2.4183e-1
41.40 0.2704 -2.2451e-1 1.9339e-1 -2.3693e-1
41.50 0.2641 -2.2018e-1 1.9059e-1 -2.3212e-1
41.60 0.2580 -2.1589e-1 1.8801e-1 -2.2739e-1
41.70 0.2520 -2.1160e-1 1.8554e-1 -2.2276e-1
41.80 0.2462 -2.0730e-1 1.8303e-1 -2.1822e-1
41.90 0.2405 -2.0300e-1 1.8038e-1 -2.1376e-1
42.00 0.2349 -1.9873e-1 1.7760e-1 -2.0938e-1
42.10 0.2295 -1.9450e-1 1.7480e-1 -2.0508e-1
42.20 0.2242 -1.9030e-1 1.7205e-1 -2.0087e-1
42.30 0.2191 -1.8611e-1 1.6932e-1 -1.9674e-1
42.40 0.2140 -1.8192e-1 1.6653e-1 -1.9268e-1
42.50 0.2091 -1.7776e-1 1.6370e-1 -1.8870e-1
42.60 0.2043 -1.7367e-1 1.6089e-1 -1.8479e-1
42.70 0.1996 -1.6966e-1 1.5816e-1 -1.8093e-1
42.80 0.1950 -1.6578e-1 1.5561e-1 -1.7714e-1
42.90 0.1904 -1.6203e-1 1.5330e-1 -1.7340e-1
43.00 0.1860 -1.5840e-1 1.5123e-1 -1.6972e-1
43.10 0.1817 -1.5485e-1 1.4934e-1 -1.6612e-1
43.20 0.1775 -1.5135e-1 1.4754e-1 -1.6260e-1
43.30 0.1734 -1.4788e-1 1.4575e-1 -1.5916e-1
43.40 0.1694 -1.4443e-1 1.4396e-1 -1.5579e-1
43.50 0.1654 -1.4105e-1 1.4221e-1 -1.5248e-1
43.60 0.1616 -1.3772e-1 1.4053e-1 -1.4922e-1
43.70 0.1579 -1.3447e-1 1.3892e-1 -1.4603e-1
43.80 0.1542 -1.3129e-1 1.3735e-1 -1.4290e-1
43.90 0.1506 -1.2817e-1 1.3578e-1 -1.3983e-1
44.00 0.1471 -1.2508e-1 1.3420e-1 -1.3683e-1
44.10 0.1438 -1.2199e-1 1.3262e-1 -1.3390e-1
44.20 0.1405 -1.1889e-1 1.3097e-1 -1.3105e-1
44.30 0.1373 -1.1576e-1 1.2921e-1 -1.2826e-1
44.40 0.1341 -1.1261e-1 1.2731e-1 -1.2553e-1
44.50 0.1311 -1.0944e-1 1.2526e-1 -1.2284e-1
44.60 0.1280 -1.0628e-1 1.2306e-1 -1.2019e-1
44.70 0.1251 -1.0316e-1 1.2072e-1 -1.1757e-1
44.80 0.1221 -1.0008e-1 1.1832e-1 -1.1498e-1
44.90 0.1193 -9.7067e-2 1.1590e-1 -1.1242e-1
45.00 0.1164 -9.4131e-2 1.1351e-1 -1.0990e-1
45.10 0.1136 -9.1281e-2 1.1117e-1 -1.0741e-1
45.20 0.1109 -8.8524e-2 1.0894e-1 -1.0495e-1
45.30 0.1082 -8.5866e-2 1.0685e-1 -1.0252e-1
45.40 0.1055 -8.3308e-2 1.0493e-1 -1.0013e-1
45.50 0.1029 -8.0843e-2 1.0318e-1 -9.7778e-2
45.60 0.1003 -7.8457e-2 1.0158e-1 -9.5467e-2
45.70 0.0978 -7.6135e-2 1.0007e-1 -9.3204e-2
45.80 0.0954 -7.3861e-2 9.8576e-2 -9.0994e-2
45.90 0.0930 -7.1624e-2 9.7066e-2 -8.8845e-2
46.00 0.0908 -6.9415e-2 9.5511e-2 -8.6760e-2
46.10 0.0886 -6.7234e-2 9.3900e-2 -8.4744e-2
46.20 0.0864 -6.5086e-2 9.2245e-2 -8.2800e-2
46.30 0.0844 -6.2978e-2 9.0583e-2 -8.0931e-2
46.40 0.0825 -6.0905e-2 8.8959e-2 -7.9143e-2
46.50 0.0806 -5.8848e-2 8.7392e-2 -7.7443e-2
46.60 0.0789 -5.6781e-2 8.5852e-2 -7.5833e-2
46.70 0.0772 -5.4688e-2 8.4293e-2 -7.4307e-2
46.80 0.0756 -5.2566e-2 8.2688e-2 -7.2859e-2
46.90 0.0742 -5.0423e-2 8.1024e-2 -7.1477e-2
47.00 0.0727 -4.8272e-2 7.9291e-2 -7.0152e-2
47.10 0.0714 -4.6134e-2 7.7499e-2 -6.8874e-2
47.20 0.0700 -4.4029e-2 7.5691e-2 -6.7636e-2
47.30 0.0687 -4.1972e-2 7.3924e-2 -6.6436e-2
47.40 0.0675 -3.9961e-2 7.2236e-2 -6.5272e-2
47.50 0.0663 -3.7984e-2 7.0622e-2 -6.4145e-2
47.60 0.0651 -3.6027e-2 6.9046e-2 -6.3052e-2
47.70 0.0640 -3.4090e-2 6.7478e-2 -6.1987e-2
47.80 0.0629 -3.2176e-2 6.5897e-2 -6.0943e-2
47.90 0.0618 -3.0300e-2 6.4299e-2 -5.9912e-2
48.00 0.0607 -2.8477e-2 6.2705e-2 -5.8888e-2
48.10 0.0596 -2.6719e-2 6.1152e-2 -5.7867e-2
48.20 0.0585 -2.5030e-2 5.9669e-2 -5.6847e-2
48.30 0.0574 -2.3415e-2 5.8258e-2 -5.5825e-2
48.40 0.0564 -2.1876e-2 5.6911e-2 -5.4805e-2
48.50 0.0553 -2.0411e-2 5.5622e-2 -5.3791e-2
48.60 0.0542 -1.9014e-2 5.4389e-2 -5.2791e-2
48.70 0.0532 -1.7672e-2 5.3198e-2 -5.1814e-2
48.80 0.0522 -1.6375e-2 5.2034e-2 -5.0867e-2
48.90 0.0512 -1.5111e-2 5.0890e-2 -4.9955e-2
49.00 0.0503 -1.3871e-2 4.9766e-2 -4.9083e-2
49.10 0.0495 -1.2647e-2 4.8663e-2 -4.8254e-2
49.20 0.0486 -1.1432e-2 4.7571e-2 -4.7467e-2
49.30 0.0478 -1.0223e-2 4.6484e-2 -4.6720e-2
49.40 0.0471 -9.0227e-3 4.5397e-2 -4.6010e-2
49.50 0.0464 -7.8353e-3 4.4303e-2 -4.5333e-2
49.60 0.0457 -6.6663e-3 4.3192e-2 -4.4687e-2
49.70 0.0451 -5.5231e-3 4.2069e-2 -4.4069e-2
49.80 0.0445 -4.4121e-3 4.0947e-2 -4.3478e-2
49.90 0.0439 -3.3380e-3 3.9849e-2 -4.2914e-2
50.00 0.0433 -2.3024e-3 3.8802e-2 -4.2376e-2
50.10 0.0428 -1.3013e-3 3.7824e-2 -4.1865e-2
50.20 0.0423 -3.2607e-4 3.6912e-2 -4.1380e-2
50.30 0.0418 6.3159e-4 3.6040e-2 -4.0919e-2
50.40 0.0413 1.5743e-3 3.5179e-2 -4.0480e-2
50.50 0.0409 2.4988e-3 3.4311e-2 -4.0058e-2
50.60 0.0405 3.3989e-3 3.3447e-2 -3.9649e-2
50.70 0.0400 4.2718e-3 3.2607e-2 -3.9251e-2
50.80 0.0396 5.1196e-3 3.1800e-2 -3.8862e-2
50.90 0.0392 5.9426e-3 3.1017e-2 -3.8477e-2
51.00 0.0388 6.7342e-3 3.0255e-2 -3.8092e-2
51.10 0.0384 7.4835e-3 2.9529e-2 -3.7700e-2
51.20 0.0380 8.1823e-3 2.8866e-2 -3.7301e-2
51.30 0.0376 8.8323e-3 2.8277e-2 -3.6894e-2
51.40 0.0372 9.4408e-3 2.7749e-2 -3.6480e-2
51.50 0.0367 1.0017e-2 2.7247e-2 -3.6062e-2
51.60 0.0363 1.0567e-2 2.6740e-2 -3.5639e-2
51.70 0.0358 1.1092e-2 2.6212e-2 -3.5212e-2
51.80 0.0354 1.1592e-2 2.5663e-2 -3.4782e-2
51.90 0.0350 1.2070e-2 2.5104e-2 -3.4352e-2
52.00 0.0345 1.2530e-2 2.4543e-2 -3.3923e-2
52.10 0.0341 1.2974e-2 2.3972e-2 -3.3496e-2
52.20 0.0336 1.3404e-2 2.3381e-2 -3.3072e-2
52.30 0.0332 1.3820e-2 2.2771e-2 -3.2652e-2
52.40 0.0328 1.4218e-2 2.2147e-2 -3.2238e-2
52.50 0.0323 1.4595e-2 2.1520e-2 -3.1829e-2
52.60 0.0319 1.4946e-2 2.0906e-2 -3.1427e-2
52.70 0.0315 1.5273e-2 2.0319e-2 -3.1035e-2
52.80 0.0311 1.5578e-2 1.9762e-2 -3.0657e-2
52.90 0.0308 1.5867e-2 1.9231e-2 -3.0294e-2
53.00 0.0304 1.6145e-2 1.8725e-2 -2.9949e-2
53.10 0.0301 1.6418e-2 1.8235e-2 -2.9622e-2
53.20 0.0298 1.6689e-2 1.7750e-2 -2.9314e-2
53.30 0.0295 1.6956e-2 1.7266e-2 -2.9021e-2
53.40 0.0292 1.7215e-2 1.6782e-2 -2.8743e-2
53.50 0.0289 1.7462e-2 1.6299e-2 -2.8480e-2
53.60 0.0286 1.7695e-2 1.5822e-2 -2.8232e-2
53.70 0.0284 1.7914e-2 1.5362e-2 -2.8001e-2
53.80 0.0282 1.8126e-2 1.4924e-2 -2.7790e-2
53.90 0.0280 1.8340e-2 1.4501e-2 -2.7600e-2
54.00 0.0278 1.8564e-2 1.4077e-2 -2.7432e-2
54.10 0.0277 1.8802e-2 1.3643e-2 -2.7284e-2
54.20 0.0275 1.9052e-2 1.3195e-2 -2.7150e-2
54.30 0.0274 1.9312e-2 1.2736e-2 -2.7027e-2
54.40 0.0273 1.9575e-2 1.2268e-2 -2.6908e-2
54.50 0.0272 1.9831e-2 1.1796e-2 -2.6787e-2
54.60 0.0270 2.0072e-2 1.1329e-2 -2.6661e-2
54.70 0.0269 2.0292e-2 1.0874e-2 -2.6528e-2
54.80 0.0267 2.0489e-2 1.0434e-2 -2.6388e-2
54.90 0.0266 2.0662e-2 1.0013e-2 -2.6240e-2
55.00 0.0264 2.0812e-2 9.6112e-3 -2.6088e-2
55.10 0.0263 2.0940e-2 9.2299e-3 -2.5932e-2
55.20 0.0261 2.1050e-2 8.8709e-3 -2.5774e-2
55.30 0.0259 2.1144e-2 8.5363e-3 -2.5615e-2
55.40 0.0258 2.1227e-2 8.2237e-3 -2.5455e-2
55.50 0.0256 2.1301e-2 7.9243e-3 -2.5296e-2
55.60 0.0255 2.1365e-2 7.6286e-3 -2.5136e-2
55.70 0.0253 2.1417e-2 7.3348e-3 -2.4975e-2
55.80 0.0251 2.1455e-2 7.0483e-3 -2.4816e-2
55.90 0.0250 2.1480e-2 6.7735e-3 -2.4659e-2
56.00 0.0248 2.1497e-2 6.5089e-3 -2.4509e-2
56.10 0.0247 2.1508e-2 6.2506e-3 -2.4365e-2
56.20 0.0245 2.1517e-2 5.9971e-3 -2.4230e-2
56.30 0.0244 2.1525e-2 5.7495e-3 -2.4102e-2
56.40 0.0243 2.1531e-2 5.5094e-3 -2.3982e-2
56.50 0.0242 2.1537e-2 5.2767e-3 -2.3868e-2
56.60 0.0240 2.1541e-2 5.0507e-3 -2.3758e-2
56.70 0.0239 2.1542e-2 4.8311e-3 -2.3650e-2
56.80 0.0238 2.1538e-2 4.6187e-3 -2.3544e-2
56.90 0.0237 2.1529e-2 4.4148e-3 -2.3437e-2
57.00 0.0236 2.1512e-2 4.2202e-3 -2.3329e-2
57.10 0.0235 2.1487e-2 4.0351e-3 -2.3219e-2
57.20 0.0234 2.1454e-2 3.8596e-3 -2.3106e-2
57.30 0.0233 2.1412e-2 3.6937e-3 -2.2990e-2
57.40 0.0231 2.1363e-2 3.5372e-3 -2.2870e-2
57.50 0.0230 2.1304e-2 3.3898e-3 -2.2746e-2
57.60 0.0229 2.1238e-2 3.2513e-3 -2.2617e-2
57.70 0.0227 2.1163e-2 3.1210e-3 -2.2485e-2
57.80 0.0226 2.1081e-2 2.9984e-3 -2.2348e-2
57.90 0.0225 2.0990e-2 2.8830e-3 -2.2206e-2
58.00 0.0223 2.0893e-2 2.7744e-3 -2.2060e-2
58.10 0.0222 2.0788e-2 2.6722e-3 -2.1910e-2
58.20 0.0220 2.0677e-2 2.5760e-3 -2.1755e-2
58.30 0.0218 2.0559e-2 2.4852e-3 -2.1597e-2
58.40 0.0217 2.0436e-2 2.3994e-3 -2.1435e-2
58.50 0.0215 2.0307e-2 2.3183e-3 -2.1270e-2
58.60 0.0213 2.0173e-2 2.2414e-3 -2.1102e-2
58.70 0.0212 2.0035e-2 2.1683e-3 -2.0931e-2
58.80 0.0210 1.9893e-2 2.0988e-3 -2.0758e-2
58.90 0.0208 1.9747e-2 2.0326e-3 -2.0582e-2
59.00 0.0206 1.9597e-2 1.9695e-3 -2.0405e-2
59.10 0.0204 1.9445e-2 1.9092e-3 -2.0226e-2
59.20 0.0202 1.9290e-2 1.8515e-3 -2.0045e-2
59.30 0.0201 1.9133e-2 1.7963e-3 -1.9863e-2
59.40 0.0199 1.8973e-2 1.7433e-3 -1.9680e-2
59.50 0.0197 1.8812e-2 1.6924e-3 -1.9497e-2
59.60 0.0195 1.8649e-2 1.6435e-3 -1.9312e-2
59.70 0.0193 1.8484e-2 1.5965e-3 -1.9127e-2
59.80 0.0191 1.8318e-2 1.5512e-3 -1.8942e-2
59.90 0.0189 1.8152e-2 1.5075e-3 -1.8756e-2
60.00 0.0187 1.7984e-2 1.4654e-3 -1.8570e-2
60.10 0.0186 1.7816e-2 1.4248e-3 -1.8384e-2
60.20 0.0184 1.7647e-2 1.3855e-3 -1.8199e-2
60.30 0.0182 1.7478e-2 1.3475e-3 -1.8013e-2
60.40 0.0180 1.7308e-2 1.3108e-3 -1.7828e-2
60.50 0.0178 1.7139e-2 1.2753e-3 -1.7643e-2
60.60 0.0176 1.6969e-2 1.2408e-3 -1.7459e-2
60.70 0.0174 1.6800e-2 1.2075e-3 -1.7275e-2
60.80 0.0172 1.6631e-2 1.1752e-3 -1.7092e-2
60.90 0.0171 1.6462e-2 1.1438e-3 -1.6910e-2
61.00 0.0169 1.6293e-2 1.1134e-3 -1.6729e-2
61.10 0.0167 1.6125e-2 1.0839e-3 -1.6548e-2
61.20 0.0165 1.5957e-2 1.0553e-3 -1.6369e-2
61.30 0.0163 1.5790e-2 1.0275e-3 -1.6190e-2
61.40 0.0161 1.5624e-2 1.0005e-3 -1.6013e-2
61.50 0.0160 1.5458e-2 9.7425e-4 -1.5836e-2
61.60 0.0158 1.5293e-2 9.4875e-4 -1.5661e-2
61.70 0.0156 1.5129e-2 9.2397e-4 -1.5486e-2
61.80 0.0154 1.4966e-2 8.9987e-4 -1.5313e-2
61.90 0.0153 1.4804e-2 8.7644e-4 -1.5141e-2
62.00 0.0151 1.4643e-2 8.5365e-4 -1.4971e-2
62.10 0.0149 1.4482e-2 8.3149e-4 -1.4801e-2
62.20 0.0147 1.4323e-2 8.0992e-4 -1.4633e-2
62.30 0.0146 1.4165e-2 7.8895e-4 -1.4467e-2
62.40 0.0144 1.4008e-2 7.6853e-4 -1.4301e-2
62.50 0.0142 1.3852e-2 7.4867e-4 -1.4137e-2
62.60 0.0141 1.3697e-2 7.2933e-4 -1.3975e-2
62.70 0.0139 1.3543e-2 7.1051e-4 -1.3814e-2
62.80 0.0137 1.3391e-2 6.9219e-4 -1.3654e-2
62.90 0.0136 1.3239e-2 6.7435e-4 -1.3495e-2
63.00 0.0134 1.3089e-2 6.5698e-4 -1.3338e-2
63.10 0.0133 1.2941e-2 6.4007e-4 -1.3183e-2
63.20 0.0131 1.2793e-2 6.2360e-4 -1.3029e-2
63.30 0.0130 1.2647e-2 6.0757e-4 -1.2876e-2
63.40 0.0128 1.2502e-2 5.9195e-4 -1.2725e-2
63.50 0.0127 1.2358e-2 5.7674e-4 -1.2575e-2
63.60 0.0125 1.2216e-2 5.6193e-4 -1.2427e-2
63.70 0.0124 1.2074e-2 5.4750e-4 -1.2280e-2
63.80 0.0122 1.1935e-2 5.3345e-4 -1.2135e-2
63.90 0.0121 1.1796e-2 5.1976e-4 -1.1991e-2
64.00 0.0119 1.1659e-2 5.0642e-4 -1.1848e-2
64.10 0.0118 1.1523e-2 4.9343e-4 -1.1707e-2
64.20 0.0116 1.1388e-2 4.8078e-4 -1.1568e-2
64.30 0.0115 1.1255e-2 4.6845e-4 -1.1430e-2
64.40 0.0114 1.1123e-2 4.5644e-4 -1.1293e-2
64.50 0.0112 1.0992e-2 4.4474e-4 -1.1158e-2
64.60 0.0111 1.0863e-2 4.3334e-4 -1.1024e-2
64.70 0.0110 1.0735e-2 4.2223e-4 -1.0892e-2
64.80 0.0108 1.0608e-2 4.1141e-4 -1.0761e-2
64.90 0.0107 1.0483e-2 4.0087e-4 -1.0631e-2
65.00 0.0106 1.0359e-2 3.9060e-4 -1.0503e-2
65.10 0.0104 1.0236e-2 3.8059e-4 -1.0377e-2
65.20 0.0103 1.0115e-2 3.7085e-4 -1.0251e-2
65.30 0.0102 9.9944e-3 3.6135e-4 -1.0128e-2
65.40 0.0101 9.8754e-3 3.5209e-4 -1.0005e-2
65.50 0.0099 9.7578e-3 3.4307e-4 -9.8840e-3
65.60 0.0098 9.6414e-3 3.3429e-4 -9.7643e-3
65.70 0.0097 9.5262e-3 3.2572e-4 -9.6459e-3
65.80 0.0096 9.4124e-3 3.1738e-4 -9.5288e-3
65.90 0.0095 9.2997e-3 3.0926e-4 -9.4131e-3
66.00 0.0093 9.1884e-3 3.0134e-4 -9.2987e-3
66.10 0.0092 9.0782e-3 2.9362e-4 -9.1856e-3
66.20 0.0091 8.9693e-3 2.8611e-4 -9.0739e-3
66.30 0.0090 8.8615e-3 2.7878e-4 -8.9634e-3
66.40 0.0089 8.7550e-3 2.7164e-4 -8.8542e-3
66.50 0.0088 8.6497e-3 2.6469e-4 -8.7462e-3
66.60 0.0087 8.5456e-3 2.5792e-4 -8.6395e-3
66.70 0.0086 8.4426e-3 2.5132e-4 -8.5341e-3
66.80 0.0085 8.3408e-3 2.4488e-4 -8.4298e-3
66.90 0.0084 8.2401e-3 2.3862e-4 -8.3268e-3
67.00 0.0083 8.1406e-3 2.3251e-4 -8.2250e-3
67.10 0.0082 8.0423e-3 2.2656e-4 -8.1245e-3
67.20 0.0081 7.9451e-3 2.2076e-4 -8.0251e-3
67.30 0.0080 7.8490e-3 2.1511e-4 -7.9268e-3
67.40 0.0079 7.7540e-3 2.0961e-4 -7.8298e-3
67.50 0.0078 7.6601e-3 2.0425e-4 -7.7339e-3
67.60 0.0077 7.5672e-3 1.9902e-4 -7.6391e-3
67.70 0.0076 7.4755e-3 1.9393e-4 -7.5455e-3
67.80 0.0075 7.3848e-3 1.8897e-4 -7.4530e-3
67.90 0.0074 7.2952e-3 1.8414e-4 -7.3616e-3
68.00 0.0073 7.2067e-3 1.7943e-4 -7.2713e-3
68.10 0.0072 7.1191e-3 1.7484e-4 -7.1821e-3
68.20 0.0071 7.0327e-3 1.7037e-4 -7.0939e-3
68.30 0.0070 6.9472e-3 1.6601e-4 -7.0068e-3
68.40 0.0069 6.8627e-3 1.6177e-4 -6.9208e-3
68.50 0.0069 6.7793e-3 1.5763e-4 -6.8358e-3
68.60 0.0068 6.6968e-3 1.5360e-4 -6.7518e-3
68.70 0.0067 6.6153e-3 1.4967e-4 -6.6689e-3
68.80 0.0066 6.5347e-3 1.4585e-4 -6.5869e-3
68.90 0.0065 6.4552e-3 1.4212e-4 -6.5060e-3
69.00 0.0064 6.3765e-3 1.3849e-4 -6.4260e-3
69.10 0.0064 6.2988e-3 1.3495e-4 -6.3470e-3
69.20 0.0063 6.2221e-3 1.3150e-4 -6.2690e-3
69.30 0.0062 6.1462e-3 1.2814e-4 -6.1919e-3
69.40 0.0061 6.0713e-3 1.2487e-4 -6.1158e-3
69.50 0.0061 5.9972e-3 1.2168e-4 -6.0405e-3
69.60 0.0060 5.9241e-3 1.1857e-4 -5.9662e-3
69.70 0.0059 5.8518e-3 1.1554e-4 -5.8929e-3
69.80 0.0058 5.7804e-3 1.1259e-4 -5.8204e-3
69.90 0.0058 5.7098e-3 1.0972e-4 -5.7488e-3
70.00 0.0057 5.6401e-3 1.0691e-4 -5.6780e-3
70.10 0.0056 5.5712e-3 1.0418e-4 -5.6082e-3
70.20 0.0056 5.5032e-3 1.0153e-4 -5.5391e-3
70.30 0.0055 5.4360e-3 9.8934e-5 -5.4710e-3
70.40 0.0054 5.3695e-3 9.6409e-5 -5.4037e-3
70.50 0.0054 5.3039e-3 9.3949e-5 -5.3372e-3
70.60 0.0053 5.2391e-3 9.1552e-5 -5.2715e-3
70.70 0.0052 5.1751e-3 8.9216e-5 -5.2066e-3
70.80 0.0052 5.1118e-3 8.6940e-5 -5.1425e-3
70.90 0.0051 5.0493e-3 8.4723e-5 -5.0792e-3
71.00 0.0050 4.9876e-3 8.2562e-5 -5.0167e-3
71.10 0.0050 4.9266e-3 8.0457e-5 -4.9550e-3
71.20 0.0049 4.8664e-3 7.8405e-5 -4.8940e-3
71.30 0.0048 4.8069e-3 7.6407e-5 -4.8337e-3
71.40 0.0048 4.7481e-3 7.4459e-5 -4.7743e-3
71.50 0.0047 4.6900e-3 7.2561e-5 -4.7155e-3
71.60 0.0047 4.6326e-3 7.0712e-5 -4.6575e-3
71.70 0.0046 4.5760e-3 6.8910e-5 -4.6001e-3
71.80 0.0046 4.5200e-3 6.7154e-5 -4.5435e-3
71.90 0.0045 4.4647e-3 6.5443e-5 -4.4876e-3
72.00 0.0044 4.4100e-3 6.3776e-5 -4.4324e-3
72.10 0.0044 4.3561e-3 6.2152e-5 -4.3778e-3
72.20 0.0043 4.3028e-3 6.0569e-5 -4.3239e-3
72.30 0.0043 4.2501e-3 5.9027e-5 -4.2707e-3
72.40 0.0042 4.1981e-3 5.7524e-5 -4.2182e-3
72.50 0.0042 4.1467e-3 5.6060e-5 -4.1663e-3
72.60 0.0041 4.0959e-3 5.4633e-5 -4.1150e-3
72.70 0.0041 4.0458e-3 5.3243e-5 -4.0644e-3
72.80 0.0040 3.9963e-3 5.1888e-5 -4.0143e-3
72.90 0.0040 3.9473e-3 5.0568e-5 -3.9650e-3
73.00 0.0039 3.8990e-3 4.9282e-5 -3.9162e-3
73.10 0.0039 3.8513e-3 4.8029e-5 -3.8680e-3
73.20 0.0038 3.8041e-3 4.6807e-5 -3.8204e-3
73.30 0.0038 3.7575e-3 4.5617e-5 -3.7734e-3
73.40 0.0037 3.7115e-3 4.4457e-5 -3.7270e-3
73.50 0.0037 3.6661e-3 4.3327e-5 -3.6811e-3
73.60 0.0036 3.6212e-3 4.2226e-5 -3.6358e-3
73.70 0.0036 3.5768e-3 4.1153e-5 -3.5911e-3
73.80 0.0036 3.5330e-3 4.0107e-5 -3.5469e-3
73.90 0.0035 3.4898e-3 3.9089e-5 -3.5033e-3
74.00 0.0035 3.4470e-3 3.8096e-5 -3.4602e-3
74.10 0.0034 3.4048e-3 3.7128e-5 -3.4176e-3
74.20 0.0034 3.3631e-3 3.6185e-5 -3.3756e-3
74.30 0.0033 3.3219e-3 3.5267e-5 -3.3341e-3
74.40 0.0033 3.2812e-3 3.4372e-5 -3.2931e-3
74.50 0.0033 3.2410e-3 3.3499e-5 -3.2526e-3
74.60 0.0032 3.2013e-3 3.2649e-5 -3.2126e-3
74.70 0.0032 3.1621e-3 3.1821e-5 -3.1731e-3
74.80 0.0031 3.1234e-3 3.1013e-5 -3.1341e-3
74.90 0.0031 3.0851e-3 3.0227e-5 -3.0955e-3
75.00 0.0031 3.0474e-3 2.9460e-5 -3.0575e-3
75.10 0.0030 3.0100e-3 2.8713e-5 -3.0199e-3
75.20 0.0030 2.9732e-3 2.7985e-5 -2.9828e-3
75.30 0.0030 2.9367e-3 2.7276e-5 -2.9461e-3
75.40 0.0029 2.9008e-3 2.6584e-5 -2.9099e-3
75.50 0.0029 2.8652e-3 2.5911e-5 -2.8741e-3
75.60 0.0028 2.8301e-3 2.5254e-5 -2.8388e-3
75.70 0.0028 2.7955e-3 2.4615e-5 -2.8039e-3
75.80 0.0028 2.7612e-3 2.3991e-5 -2.7695e-3
75.90 0.0027 2.7274e-3 2.3384e-5 -2.7354e-3
76.00 0.0027 2.6940e-3 2.2791e-5 -2.7018e-3
76.10 0.0027 2.6610e-3 2.2214e-5 -2.6686e-3
76.20 0.0026 2.6284e-3 2.1652e-5 -2.6358e-3
76.30 0.0026 2.5962e-3 2.1104e-5 -2.6034e-3
76.40 0.0026 2.5644e-3 2.0570e-5 -2.5715e-3
76.50 0.0025 2.5330e-3 2.0050e-5 -2.5399e-3
76.60 0.0025 2.5020e-3 1.9543e-5 -2.5087e-3
76.70 0.0025 2.4714e-3 1.9048e-5 -2.4779e-3
76.80 0.0025 2.4411e-3 1.8567e-5 -2.4474e-3
76.90 0.0024 2.4112e-3 1.8097e-5 -2.4174e-3
77.00 0.0024 2.3817e-3 1.7640e-5 -2.3877e-3
77.10 0.0024 2.3525e-3 1.7194e-5 -2.3584e-3
77.20 0.0023 2.3237e-3 1.6759e-5 -2.3294e-3
77.30 0.0023 2.2953e-3 1.6336e-5 -2.3008e-3
77.40 0.0023 2.2672e-3 1.5923e-5 -2.2726e-3
77.50 0.0022 2.2394e-3 1.5521e-5 -2.2447e-3
77.60 0.0022 2.2120e-3 1.5129e-5 -2.2171e-3
77.70 0.0022 2.1849e-3 1.4747e-5 -2.1899e-3
77.80 0.0022 2.1582e-3 1.4375e-5 -2.1630e-3
77.90 0.0021 2.1317e-3 1.4012e-5 -2.1365e-3
78.00 0.0021 2.1056e-3 1.3658e-5 -2.1103e-3
78.10 0.0021 2.0799e-3 1.3314e-5 -2.0844e-3
78.20 0.0021 2.0544e-3 1.2978e-5 -2.0588e-3
78.30 0.0020 2.0293e-3 1.2650e-5 -2.0335e-3
78.40 0.0020 2.0044e-3 1.2331e-5 -2.0086e-3
78.50 0.0020 1.9799e-3 1.2020e-5 -1.9840e-3
78.60 0.0020 1.9557e-3 1.1717e-5 -1.9596e-3
78.70 0.0019 1.9317e-3 1.1422e-5 -1.9356e-3
78.80 0.0019 1.9081e-3 1.1134e-5 -1.9118e-3
78.90 0.0019 1.8847e-3 1.0854e-5 -1.8884e-3
79.00 0.0019 1.8617e-3 1.0580e-5 -1.8652e-3
79.10 0.0018 1.8389e-3 1.0314e-5 -1.8424e-3
79.20 0.0018 1.8164e-3 1.0054e-5 -1.8198e-3
79.30 0.0018 1.7942e-3 9.8007e-6 -1.7975e-3
79.40 0.0018 1.7722e-3 9.5539e-6 -1.7754e-3
79.50 0.0018 1.7505e-3 9.3134e-6 -1.7537e-3
79.60 0.0017 1.7291e-3 9.0790e-6 -1.7322e-3
79.70 0.0017 1.7080e-3 8.8505e-6 -1.7109e-3
79.80 0.0017 1.6871e-3 8.6278e-6 -1.6900e-3
79.90 0.0017 1.6664e-3 8.4108e-6 -1.6693e-3
